              disk0 
    KB/t  tps  MB/s 
  269.46  126 33.22 
   88.81  172 14.88 
  435.03 11627 4939.58 
  435.36 14981 6369.35 
  433.57 15070 6380.70 
  434.46 15052 6386.28 
  433.52 15065 6377.87 
  429.20 15113 6334.55 
  427.35 15228 6355.05 
  424.71 15279 6337.09 
  421.55 15313 6303.81 
  422.85 15183 6269.89 
  424.95 15253 6329.72 
  420.18 15341 6294.99 
  421.32 15280 6286.98 
  420.19 15342 6295.64 
  419.79 15305 6274.24 
  417.63 15376 6271.06 
  418.44 15379 6284.38 
  417.25 15273 6223.06 
              disk0 
    KB/t  tps  MB/s 
  412.31 15542 6258.04 
  412.63 15369 6192.99 
  414.98 15376 6230.97 
  416.27 15320 6227.57 
  415.00 15332 6213.51 
  417.03 15308 6234.47 
  414.76 15315 6203.19 
  415.37 15335 6220.37 
  416.48 15303 6224.15 
  415.13 15434 6257.07 
  413.21 15353 6195.26 
  409.39 15559 6220.60 
  415.12 15335 6216.90 
  414.63 15397 6234.39 
  412.31 15429 6212.23 
  405.78 15641 6198.07 
  414.19 15350 6208.67 
  415.24 15334 6218.00 
  413.56 15370 6207.49 
  415.81 15251 6192.97 
              disk0 
    KB/t  tps  MB/s 
  414.79 15412 6243.11 
  409.48 15554 6219.77 
  413.53 15339 6194.46 
  414.18 15414 6234.33 
  415.29 15336 6219.68 
  414.47 15379 6224.63 
  412.51 15341 6180.04 
  415.58 15341 6226.07 
  413.46 15460 6242.43 
  414.69 15467 6263.77 
  416.00 15304 6217.13 
  411.99 15460 6220.01 
  411.26 15514 6230.58 
  410.74 15565 6243.51 
  414.66 15268 6182.47 
  414.83 15313 6203.55 
  415.82 15340 6229.28 
  414.26 15434 6243.98 
  414.13 15343 6204.93 
  414.82 15364 6223.81 
              disk0 
    KB/t  tps  MB/s 
  398.87 15913 6198.29 
  408.00 15592 6212.57 
  406.83 15567 6184.72 
  406.63 15631 6207.16 
  409.28 15637 6250.02 
  414.60 15381 6227.38 
  414.92 15308 6202.83 
  412.49 15400 6203.24 
  411.75 15421 6200.65 
  404.07 15703 6196.52 
  413.59 15526 6270.88 
  415.27 15430 6257.65 
  411.51 15539 6244.49 
  411.69 15391 6187.93 
  411.31 15424 6195.55 
  413.88 15378 6215.65 
  414.11 15477 6259.16 
  405.16 15637 6186.92 
  404.25 15746 6216.26 
  411.68 15489 6227.09 
              disk0 
    KB/t  tps  MB/s 
  411.69 15483 6224.82 
  396.76 15951 6180.17 
  411.28 15338 6160.20 
  410.81 15522 6226.94 
  404.65 15817 6250.47 
  413.33 15510 6260.53 
  413.86 15365 6209.83 
  412.68 15450 6226.47 
  412.79 15373 6197.27 
  415.30 15363 6230.59 
  413.45 15376 6208.33 
  414.28 15388 6225.56 
  413.61 15381 6212.61 
  409.65 15561 6225.32 
  413.41 15334 6190.72 
  398.23 15913 6188.38 
  408.06 15466 6163.38 
  413.35 15366 6202.61 
  413.96 15411 6229.96 
  413.25 15394 6212.67 
              disk0 
    KB/t  tps  MB/s 
  411.55 15482 6222.19 
  415.86 15350 6233.65 
  413.52 15430 6231.07 
  410.85 15497 6217.94 
  410.55 15414 6179.90 
  413.33 15410 6219.93 
  414.17 15448 6248.22 
  413.98 15321 6193.78 
  412.88 15359 6192.83 
  412.88 15377 6199.90 
  411.09 15277 6132.96 
  409.28 15409 6158.94 
  412.83 15385 6202.51 
  409.64 15499 6200.25 
  409.48 15524 6207.95 
  415.38 15302 6207.13 
  408.65 15545 6203.74 
  409.76 15403 6163.70 
  408.46 15459 6166.46 
  404.04 15762 6219.05 
              disk0 
    KB/t  tps  MB/s 
  405.60 15645 6196.86 
  411.88 15333 6167.27 
  417.94 15339 6260.60 
  414.06 15376 6217.54 
  407.71 15429 6143.29 
  416.74 15337 6241.85 
  412.29 15398 6199.70 
  410.95 15516 6226.71 
  415.87 15342 6230.74 
  411.63 15386 6184.71 
  413.29 15377 6206.02 
  406.93 15509 6163.20 
  413.66 15443 6238.46 
  414.18 15399 6228.32 
  411.81 15493 6230.60 
  413.50 15476 6249.11 
  412.01 15430 6208.26 
  414.34 15396 6229.63 
  407.79 15615 6218.21 
  413.53 15411 6223.66 
              disk0 
    KB/t  tps  MB/s 
  402.17 15871 6233.34 
  416.76 15299 6226.35 
  409.76 15567 6229.39 
  410.51 15494 6211.21 
  415.28 15337 6219.97 
  410.44 15514 6218.14 
  413.78 15337 6197.59 
  412.68 15446 6225.03 
  412.92 15324 6179.30 
  416.17 15315 6224.28 
  413.86 15385 6218.02 
  414.15 15385 6222.29 
  414.83 15329 6210.05 
  406.09 15759 6249.61 
  413.50 15267 6164.75 
  409.25 15608 6237.78 
  397.17 16040 6221.17 
  412.76 15468 6234.85 
  410.74 15442 6194.04 
  411.65 15480 6223.09 
              disk0 
    KB/t  tps  MB/s 
  413.23 15451 6235.36 
  408.84 15582 6221.35 
  411.39 15537 6241.93 
  413.96 15501 6266.62 
  409.97 15449 6185.17 
  412.70 15521 6255.16 
  409.77 15613 6247.75 
  412.56 15468 6231.73 
  414.29 15439 6246.25 
  412.71 15391 6203.23 
  406.49 15547 6171.55 
  412.90 15467 6236.81 
  414.44 15392 6229.36 
  415.23 15393 6241.60 
  414.59 15414 6240.93 
  415.78 15246 6190.51 
  408.20 15589 6214.33 
  410.23 15502 6210.31 
  413.37 15433 6229.93 
  413.78 15424 6232.68 
              disk0 
    KB/t  tps  MB/s 
  413.20 15344 6191.59 
  413.90 15405 6226.87 
  412.40 15459 6225.73 
  412.93 15447 6229.13 
  408.86 15528 6200.03 
  414.80 15419 6245.85 
  413.96 15409 6229.10 
  413.64 15379 6212.24 
  414.29 15345 6208.47 
  412.80 15440 6224.30 
  411.61 15410 6194.10 
  411.63 15458 6213.76 
  414.11 15429 6239.46 
  413.57 15376 6210.09 
  411.76 15393 6189.45 
  411.83 15432 6206.43 
  416.44 15242 6198.39 
  411.35 15432 6199.11 
  414.35 15404 6232.95 
  411.44 15443 6204.76 
              disk0 
    KB/t  tps  MB/s 
  411.23 15543 6241.93 
  412.74 15407 6209.91 
  411.71 15478 6222.93 
  413.90 15378 6215.80 
  412.68 15395 6204.25 
  412.65 15383 6199.19 
  413.78 15476 6253.66 
  408.81 15482 6180.88 
  412.78 15375 6197.87 
  412.83 15406 6210.88 
  415.29 15384 6239.35 
  413.86 15388 6219.18 
  415.21 15334 6217.54 
  416.72 15345 6244.79 
  412.78 15425 6217.77 
  411.35 15507 6229.20 
  399.40 15911 6205.82 
  411.88 15390 6190.20 
  414.47 15350 6213.21 
  413.48 15367 6204.84 
              disk0 
    KB/t  tps  MB/s 
  412.87 15340 6185.10 
  412.88 15457 6232.25 
  411.64 15422 6199.43 
  410.48 15469 6201.05 
  413.32 15316 6181.91 
  414.78 15377 6228.62 
  400.95 15792 6183.38 
  413.66 15395 6219.02 
  412.75 15425 6217.50 
  410.83 15482 6211.33 
  406.74 15623 6205.73 
  413.02 15393 6208.61 
  405.38 15563 6160.93 
  409.76 15522 6211.01 
  414.49 15368 6220.53 
  413.54 15191 6135.06 
  415.40 15390 6243.24 
  413.00 15328 6182.10 
  414.69 15394 6234.31 
  410.63 15468 6202.61 
              disk0 
    KB/t  tps  MB/s 
  409.71 15410 6165.45 
  409.88 15460 6188.24 
  413.28 15500 6255.61 
  406.48 15607 6195.23 
  411.92 15435 6208.81 
  402.88 15763 6201.89 
  407.68 15523 6179.88 
  412.78 15365 6193.67 
  414.20 15389 6224.78 
  369.27 16997 6129.12 
  374.10 16754 6120.73 
  413.43 15356 6200.06 
  413.91 15452 6245.66 
  413.86 15434 6237.77 
  411.76 15490 6228.73 
  412.82 15429 6220.03 
  414.13 15348 6207.36 
  416.00 15253 6196.30 
  415.64 15198 6168.72 
  412.48 15403 6204.31 
              disk0 
    KB/t  tps  MB/s 
  413.96 15393 6222.77 
  414.32 15426 6241.26 
  414.15 15225 6157.77 
  416.70 15338 6241.57 
  411.61 15495 6228.48 
  416.20 15324 6228.44 
  413.76 15371 6210.62 
  414.58 15412 6239.64 
  412.22 15442 6216.50 
  413.15 15426 6223.65 
  414.89 15342 6215.98 
  413.71 15323 6190.54 
  417.26 15300 6234.36 
  412.46 15441 6219.40 
  414.89 15320 6207.06 
  405.65 15636 6194.19 
  414.12 15298 6186.62 
  414.64 15357 6218.25 
  417.37 15321 6244.73 
  413.70 15396 6219.83 
              disk0 
    KB/t  tps  MB/s 
  414.56 15384 6228.07 
  414.10 15285 6181.28 
  415.13 15366 6229.20 
  413.82 15372 6212.16 
  415.13 15373 6232.07 
  410.93 15449 6199.69 
  414.59 15306 6196.87 
  413.32 15436 6230.59 
  414.31 15282 6183.18 
  410.65 15356 6158.14 
  415.91 15312 6219.26 
  413.32 15434 6229.52 
  410.90 15495 6217.67 
  415.01 15327 6211.89 
  413.25 15403 6216.00 
  411.64 15505 6232.96 
  415.01 15371 6229.60 
  413.87 15410 6228.34 
  411.58 15439 6205.58 
  415.04 15283 6194.36 
              disk0 
    KB/t  tps  MB/s 
  415.12 15287 6197.17 
  416.52 15338 6238.83 
  410.09 15566 6234.00 
  415.19 15424 6253.75 
  415.46 15250 6187.32 
  416.60 15317 6231.71 
  410.99 15552 6242.03 
  413.49 15411 6222.81 
  413.92 15410 6228.90 
  414.85 15269 6185.67 
  418.09 15280 6238.69 
  414.92 15372 6228.82 
  414.10 15392 6224.23 
  414.03 15371 6214.88 
  414.88 15346 6217.42 
  413.52 15397 6217.88 
  413.60 15466 6246.65 
  414.93 15336 6214.12 
  415.27 15259 6188.07 
  413.84 15301 6183.77 
              disk0 
    KB/t  tps  MB/s 
  414.38 15320 6199.47 
  413.50 15430 6230.74 
  413.77 15381 6215.26 
  414.28 15419 6237.87 
  416.57 15378 6255.86 
  416.24 15362 6244.22 
  410.78 15561 6242.49 
  413.82 15309 6186.83 
  414.40 15431 6244.64 
  415.37 15336 6220.71 
  416.21 15218 6185.46 
  413.85 15434 6237.69 
  416.53 15343 6241.05 
  415.55 15322 6217.92 
  414.23 15332 6201.93 
  409.47 15542 6214.85 
  411.13 15516 6229.60 
  414.30 15407 6233.32 
  414.16 15359 6212.05 
  414.91 15356 6222.00 
              disk0 
    KB/t  tps  MB/s 
  414.56 15322 6202.93 
  416.35 15287 6215.62 
  412.83 15353 6189.65 
  416.45 15225 6191.79 
  416.70 15286 6220.61 
  415.84 15309 6217.06 
  415.87 15262 6198.03 
  411.57 15466 6216.11 
  413.55 15402 6220.25 
  412.02 15355 6178.21 
  412.92 15331 6182.14 
  409.03 15531 6203.69 
  414.09 15415 6233.66 
  411.32 15418 6192.97 
  415.15 15335 6217.09 
  416.60 15259 6207.88 
  414.40 15470 6260.71 
  410.01 15469 6193.63 
  411.68 15387 6185.82 
  410.33 15458 6194.10 
              disk0 
    KB/t  tps  MB/s 
  387.41 16200 6128.82 
  401.45 15882 6226.49 
  411.25 15438 6200.06 
  415.39 15383 6240.09 
  415.23 15380 6236.59 
  414.69 15354 6217.78 
  414.75 15409 6241.03 
  414.13 15313 6192.95 
  412.95 15495 6248.55 
  411.08 15492 6219.04 
  412.41 15402 6202.90 
  415.43 15309 6210.74 
  417.19 15201 6193.28 
  413.25 15343 6191.98 
  415.60 15305 6211.77 
  412.91 15340 6185.69 
  414.66 15353 6217.07 
  414.02 15351 6206.77 
  406.72 15550 6176.19 
  417.87 15276 6233.61 
              disk0 
    KB/t  tps  MB/s 
  414.84 15362 6223.57 
  415.96 15348 6234.64 
  416.99 15344 6248.36 
  413.62 15363 6205.70 
  416.33 15288 6215.68 
  416.37 15341 6237.70 
  416.58 15233 6197.22 
  414.03 15348 6205.75 
  411.43 15520 6235.72 
  414.39 15366 6218.19 
  415.36 15328 6217.38 
  417.53 15288 6233.64 
  414.48 15324 6202.87 
  415.57 15352 6230.57 
  416.52 15352 6244.42 
  411.07 15441 6198.47 
  404.30 15621 6167.45 
  415.40 15299 6206.15 
  415.22 15282 6196.72 
  418.35 15280 6242.50 
              disk0 
    KB/t  tps  MB/s 
  414.49 15315 6198.92 
  414.91 15296 6197.78 
  414.00 15134 6118.76 
  413.35 15446 6235.15 
  413.00 15410 6215.19 
  417.02 15298 6229.93 
  414.31 15396 6229.09 
  415.26 15374 6234.69 
  412.83 15371 6196.95 
  416.59 15295 6222.26 
  414.44 15368 6219.73 
  415.35 15327 6216.77 
  416.46 15345 6240.90 
  414.63 15280 6186.99 
  410.21 15494 6206.97 
  416.63 15285 6218.81 
  416.85 15143 6164.42 
  418.11 15256 6229.26 
  409.14 14992 5990.18 
  411.75 15119 6079.26 
              disk0 
    KB/t  tps  MB/s 
  416.68 14908 6066.39 
  409.89 15182 6077.11 
  415.50 14994 6083.94 
  414.64 15050 6093.96 
  412.60 15072 6072.87 
  412.85 15111 6092.23 
  409.63 15162 6065.18 
  413.09 14950 6030.98 
  417.73 14900 6078.48 
  416.65 14871 6050.84 
  415.20 15029 6093.85 
  414.60 14919 6040.56 
  415.09 14944 6057.75 
  416.52 15006 6103.71 
  414.70 14910 6038.08 
  412.96 15062 6074.40 
  414.56 15018 6079.86 
  415.41 14999 6084.56 
  412.29 14990 6035.59 
  417.64 14937 6092.16 
              disk0 
    KB/t  tps  MB/s 
  415.09 15066 6107.28 
  416.74 14979 6096.10 
  415.64 14949 6067.93 
  415.19 14991 6078.38 
  415.91 14983 6085.42 
  412.14 15015 6043.37 
  415.09 14865 6025.83 
  413.10 15018 6058.55 
  415.15 14878 6031.86 
  415.06 14978 6071.06 
  414.42 14983 6063.72 
  416.28 15032 6110.87 
  415.71 14889 6044.52 
  412.84 15054 6069.21 
  417.84 14993 6117.82 
  417.08 14960 6093.39 
  402.22 15387 6044.05 
  415.49 14988 6081.49 
  415.62 15025 6098.45 
  416.31 14902 6058.57 
              disk0 
    KB/t  tps  MB/s 
  417.75 14834 6051.55 
  415.98 15046 6112.03 
  412.89 14967 6034.97 
  414.99 15109 6123.13 
  415.08 14933 6053.03 
  415.02 14990 6075.25 
  413.32 15125 6104.93 
  415.79 15018 6097.94 
  412.98 15031 6062.02 
  414.19 15035 6081.39 
  411.91 15023 6043.03 
  416.21 14988 6091.94 
  413.18 15016 6058.92 
  415.46 14949 6065.06 
  415.98 14922 6061.57 
  415.28 15048 6102.72 
  410.33 15106 6053.19 
  413.06 15162 6116.18 
  412.13 15071 6065.41 
  415.68 15036 6103.55 
              disk0 
    KB/t  tps  MB/s 
  416.60 14947 6081.09 
  408.97 15175 6060.73 
  415.12 15121 6129.79 
  417.47 14992 6111.82 
  415.05 14970 6067.81 
  415.31 14975 6073.68 
  415.70 15005 6091.40 
  412.77 15022 6055.33 
  413.76 14960 6044.75 
  418.13 14929 6095.97 
  412.26 15078 6070.49 
  413.35 14971 6043.34 
  413.25 15115 6099.75 
  415.70 14910 6052.83 
  414.62 15001 6073.93 
  415.16 15028 6092.71 
  417.18 14935 6084.36 
  411.51 15092 6064.93 
  410.79 15146 6075.81 
  415.99 15048 6112.91 
              disk0 
    KB/t  tps  MB/s 
  415.08 15084 6114.25 
  415.34 14964 6069.28 
  415.01 14903 6039.91 
  413.40 15115 6102.04 
  418.05 14918 6090.18 
  417.17 14821 6037.98 
  410.85 15192 6095.18 
  412.61 15070 6072.23 
  414.85 15017 6083.78 
  417.49 8452 3445.79 
  419.83 6919 2836.81 
  416.35 11144 4530.95 
  415.22 15375 6234.50 
  414.88 15283 6192.00 
  417.51 15203 6198.70 
  413.34 15380 6208.13 
  406.85 15606 6200.66 
  417.41 15386 6271.63 
  410.49 15491 6209.89 
  394.59 16074 6193.94 
              disk0 
    KB/t  tps  MB/s 
  414.98 15310 6204.32 
  419.96 15285 6268.69 
  414.05 15415 6232.98 
  409.54 15582 6231.76 
  412.25 15403 6200.97 
  414.03 15389 6222.19 
  415.46 15319 6215.02 
  414.54 15316 6200.13 
  417.52 15248 6217.11 
  415.92 15340 6230.63 
  415.80 15310 6216.69 
  413.65 15322 6189.27 
  414.74 15370 6225.21 
  410.20 15418 6176.29 
  413.80 15393 6220.43 
  414.82 15317 6204.93 
  414.70 15443 6253.95 
  412.89 15382 6202.00 
  415.13 15274 6192.03 
  416.34 15286 6215.03 
              disk0 
    KB/t  tps  MB/s 
  411.34 15437 6200.94 
  410.32 15495 6208.95 
  416.43 15363 6247.57 
  410.66 15448 6195.12 
  410.33 15457 6193.74 
  417.31 15265 6220.83 
  414.46 15321 6201.24 
  414.97 15316 6206.92 
  416.30 15354 6242.30 
  415.69 15266 6196.96 
  414.98 15387 6235.55 
  416.23 15332 6232.27 
  414.73 15352 6217.51 
  415.57 15349 6229.17 
  415.11 15399 6242.53 
  417.06 15306 6234.01 
  413.10 15401 6213.17 
  413.81 15331 6195.45 
  415.18 15350 6223.68 
  414.74 15293 6194.03 
              disk0 
    KB/t  tps  MB/s 
  415.40 15356 6229.42 
  413.93 15290 6180.83 
  414.40 15300 6191.86 
  413.86 15326 6194.00 
  409.13 15527 6203.84 
  414.55 15323 6203.44 
  417.53 15280 6230.55 
  415.87 15334 6227.69 
  415.31 15386 6240.09 
  413.73 15313 6187.13 
  416.26 15160 6162.75 
  412.99 15090 6086.11 
  412.03 15184 6109.63 
  415.60 14962 6072.28 
  412.55 15076 6073.81 
  413.19 15029 6064.48 
  404.59 15372 6073.77 
  417.12 15036 6125.07 
  414.00 15054 6086.12 
  413.77 15016 6067.41 
              disk0 
    KB/t  tps  MB/s 
  414.77 15020 6083.98 
  416.02 15060 6118.46 
  413.76 14954 6042.55 
  416.41 14812 6023.17 
  415.32 15035 6097.90 
  411.01 15014 6026.29 
  415.99 14924 6062.68 
  409.51 15043 6015.70 
  417.03 14998 6107.97 
  415.87 14953 6072.70 
  415.97 14964 6078.83 
  414.57 15077 6104.01 
  415.21 14940 6057.87 
  415.39 14973 6073.71 
  413.91 15068 6090.74 
  409.21 15211 6078.55 
  415.09 14894 6037.24 
  410.34 14991 6007.33 
  414.97 15083 6112.39 
  416.52 14950 6081.12 
              disk0 
    KB/t  tps  MB/s 
  407.45 15187 6042.82 
  410.26 15147 6068.52 
  412.16 15142 6094.85 
  413.52 15049 6077.34 
  415.14 14945 6058.95 
  416.42 15022 6108.75 
  411.56 14995 6026.92 
  416.68 14842 6039.26 
  413.81 15056 6084.35 
  415.09 15071 6109.07 
  418.07 14976 6114.15 
  414.63 15041 6090.30 
  413.93 15013 6068.71 
  415.53 14978 6077.86 
  416.34 15020 6106.84 
  415.50 15000 6086.31 
  407.04 15243 6059.17 
  415.59 14930 6059.42 
  412.87 14983 6040.79 
  415.10 15081 6113.61 
              disk0 
    KB/t  tps  MB/s 
  414.23 15044 6085.43 
  414.79 15015 6081.99 
  414.69 15017 6081.61 
  415.70 15035 6103.63 
  415.31 14989 6079.02 
  416.17 14955 6078.02 
  412.88 15127 6099.01 
  416.21 15061 6121.62 
  414.93 15087 6113.48 
  417.20 14930 6082.92 
  417.86 15019 6128.58 
  416.53 14868 6047.91 
  415.30 15021 6091.81 
  415.81 15028 6102.37 
  413.88 15061 6087.45 
  414.52 15038 6087.38 
  402.14 15432 6060.48 
  412.98 15066 6076.16 
  418.31 14879 6078.19 
  415.45 14883 6038.08 
              disk0 
    KB/t  tps  MB/s 
  415.87 14991 6088.03 
  413.63 14991 6055.57 
  414.17 14989 6062.55 
  412.32 15054 6061.67 
  413.10 14965 6037.12 
  413.18 14968 6039.74 
  414.51 15068 6099.48 
  410.04 15081 6039.03 
  414.13 15125 6117.14 
  414.91 15127 6129.25 
  413.57 15045 6076.42 
  412.53 15058 6066.23 
  412.43 15191 6118.25 
  415.43 15074 6115.44 
  414.38 15082 6103.15 
  412.58 15068 6070.89 
  416.64 14976 6093.18 
  409.38 15237 6091.38 
  414.38 15039 6085.94 
  416.49 15016 6107.52 
              disk0 
    KB/t  tps  MB/s 
  408.58 15240 6080.87 
  415.54 14910 6050.27 
  416.93 14862 6051.25 
  416.26 14904 6058.47 
  415.70 15027 6100.32 
  415.86 15097 6131.14 
  414.70 15009 6078.18 
  416.74 14993 6101.91 
  413.22 15126 6103.79 
  414.02 15001 6064.99 
  392.40 15846 6072.38 
  415.64 15061 6113.06 
  414.69 14977 6065.27 
  416.71 14931 6076.25 
  415.30 15019 6091.00 
  412.46 12976 5226.68 
  417.07 6724 2738.68 
  411.60 11045 4439.57 
  405.62 15137 5995.96 
  415.11 6299 2553.31 
              disk0 
    KB/t  tps  MB/s 
  413.71 6629 2678.35 
  415.63 6521 2646.89 
  414.56 6564 2657.24 
  414.88 6717 2721.53 
  415.16 8909 3612.13 
  415.22 15033 6095.67 
  415.15 15069 6109.16 
  416.39 14900 6058.62 
  412.00 15107 6078.23 
  415.12 14959 6064.28 
  414.94 14929 6049.55 
  415.92 14888 6046.97 
  414.39 15027 6081.22 
  412.89 15075 6078.58 
  416.56 14904 6062.79 
  414.67 14986 6068.56 
  407.45 15226 6058.54 
  413.68 15097 6098.97 
  412.47 14981 6034.58 
  416.84 14941 6081.90 
              disk0 
    KB/t  tps  MB/s 
  416.21 15047 6115.74 
  411.52 14967 6014.82 
  412.65 14972 6033.44 
  413.80 14940 6037.29 
  409.76 15258 6105.78 
  416.97 14911 6071.61 
  410.95 15105 6061.88 
  414.67 15041 6090.68 
  414.09 14962 6050.29 
  413.47 15024 6066.26 
  407.40 15174 6037.06 
  388.99 16002 6078.63 
  414.97 14863 6023.10 
  404.23 15415 6085.05 
  411.95 15251 6135.35 
  417.14 14990 6106.27 
  415.37 14953 6065.50 
  414.95 15005 6080.33 
  415.53 15049 6106.61 
  417.27 14916 6078.05 
              disk0 
    KB/t  tps  MB/s 
  409.64 15109 6044.44 
  411.13 14994 6020.06 
  414.19 14965 6052.88 
  418.24 14902 6086.62 
  413.83 15025 6072.03 
  411.24 15147 6083.02 
  415.41 14886 6038.83 
  415.86 14905 6053.11 
  414.70 15016 6080.98 
  417.82 14989 6115.94 
  416.44 15024 6110.17 
  416.79 14880 6056.47 
  416.01 15020 6102.01 
  416.56 15027 6112.96 
  414.57 15027 6083.64 
  414.05 15050 6085.22 
  414.71 15066 6101.47 
  414.67 14999 6073.84 
  413.55 14987 6052.55 
  415.77 14874 6039.24 
              disk0 
    KB/t  tps  MB/s 
  414.57 15030 6084.91 
  414.27 15014 6074.11 
  412.59 15056 6066.35 
  413.72 15069 6088.38 
  417.20 14897 6069.12 
  412.63 15083 6077.92 
  416.98 14940 6083.78 
  415.60 15015 6094.05 
  412.69 15081 6077.95 
  412.90 14990 6044.37 
  416.11 14947 6073.63 
  414.78 15087 6111.16 
  416.15 14952 6076.61 
  414.32 14909 6032.34 
  416.10 15039 6111.11 
  408.94 15126 6040.52 
  407.54 15170 6037.46 
  411.08 15155 6083.77 
  416.00 15092 6131.08 
  417.57 14898 6075.23 
              disk0 
    KB/t  tps  MB/s 
  412.79 15043 6064.28 
  414.20 14924 6036.58 
  416.28 15032 6111.03 
  413.62 14975 6048.77 
  408.62 15076 6015.96 
  416.31 14992 6094.96 
  409.74 15256 6104.57 
  414.07 14934 6038.59 
  408.33 15237 6076.04 
  414.04 15056 6087.86 
  413.12 15124 6101.56 
  415.51 15043 6104.07 
  415.40 15031 6097.48 
  416.22 15108 6140.93 
  415.27 15007 6086.04 
  415.92 14945 6070.06 
  410.38 15182 6084.31 
  414.24 14987 6062.62 
  414.90 14994 6075.11 
  409.47 8166 3265.31 
              disk0 
    KB/t  tps  MB/s 
  404.26 6657 2628.16 
  410.43 12519 5017.90 
  411.67 15034 6044.02 
  412.93 15157 6111.99 
  413.79 14958 6044.50 
  416.46 14978 6091.60 
  417.46 14991 6111.47 
  410.27 15091 6046.42 
  410.74 15032 6029.33 
  414.69 14984 6068.12 
  415.80 15047 6109.98 
  414.69 14891 6030.22 
  412.94 14995 6047.00 
  416.23 14949 6076.42 
  414.84 15013 6081.91 
  415.51 15029 6098.42 
  410.73 15027 6027.48 
  410.27 15057 6032.57 
  414.15 14930 6038.21 
  413.68 14834 5992.75 
              disk0 
    KB/t  tps  MB/s 
  410.89 15175 6089.12 
  413.11 15106 6094.30 
  413.24 15050 6073.60 
  411.72 15226 6122.05 
  414.42 15023 6079.86 
  415.17 14952 6062.16 
  416.12 14958 6078.58 
  411.35 15139 6081.30 
  415.96 14841 6028.73 
  415.31 14860 6027.01 
  415.18 14996 6080.25 
  414.33 14934 6042.65 
  417.32 14965 6098.88 
  416.69 14991 6100.35 
  415.88 15007 6094.63 
  414.36 15007 6072.69 
  415.11 14999 6080.54 
  404.11 15467 6103.72 
  414.09 15023 6075.10 
  413.63 14936 6033.30 
              disk0 
    KB/t  tps  MB/s 
  417.12 14927 6080.36 
  415.59 14999 6087.28 
  412.75 14961 6030.28 
  414.99 15030 6090.97 
  414.08 15045 6083.66 
  415.59 14951 6067.86 
  412.88 15043 6065.22 
  414.71 14977 6065.55 
  412.51 15173 6112.20 
  415.00 14979 6070.57 
  415.39 14961 6069.08 
  413.70 15173 6130.04 
  407.01 15137 6016.68 
  414.37 15030 6082.03 
  418.08 14928 6094.58 
  414.04 15128 6116.55 
  414.14 15080 6098.90 
  409.61 7295 2918.08 
  408.73 6852 2734.98 
  398.78 6963 2711.59 
              disk0 
    KB/t  tps  MB/s 
  404.76 6654 2630.12 
  419.04 6529 2671.73 
  412.51 6624 2668.22 
  410.68 6498 2606.00 
  414.49 6669 2699.49 
  414.91 6630 2686.23 
  414.09 11468 4637.45 
  415.06 14959 6063.15 
  416.35 14929 6069.97 
  413.04 15080 6082.81 
  417.67 14950 6097.67 
  414.99 15009 6082.61 
  413.05 15041 6066.88 
  417.12 14987 6104.70 
  409.58 15140 6055.72 
  414.81 14953 6057.05 
  412.50 15086 6077.08 
  415.67 14950 6068.57 
  416.71 14989 6099.63 
  415.28 15006 6085.58 
              disk0 
    KB/t  tps  MB/s 
  414.77 14912 6039.98 
  411.80 15068 6059.72 
  414.57 14979 6064.48 
  413.73 15054 6082.38 
  407.00 15139 6017.15 
  411.62 15076 6060.14 
  416.00 12141 4932.26 
  414.72 6729 2725.33 
  415.99 6729 2733.39 
  417.03 6768 2756.14 
  413.60 6674 2695.81 
  414.01 9471 3829.35 
  413.10 14958 6034.40 
  413.92 14962 6047.68 
  396.26 15695 6073.58 
  406.72 15326 6087.34 
  415.06 15039 6095.70 
  406.85 15371 6107.23 
  415.27 14963 6068.12 
  411.89 15071 6062.05 
              disk0 
    KB/t  tps  MB/s 
  410.89 15153 6080.25 
  411.25 15212 6109.09 
  410.56 15095 6051.97 
  412.78 15036 6061.05 
  413.52 15068 6085.02 
  408.59 15128 6036.21 
  416.93 14997 6105.94 
  414.43 15029 6082.55 
  413.76 14940 6036.62 
  415.91 15035 6106.59 
  416.21 14916 6062.54 
  414.23 15096 6106.68 
  416.94 14905 6068.65 
  416.11 14936 6069.37 
  416.76 14915 6070.38 
  412.74 15129 6097.83 
  415.77 14942 6067.04 
  414.47 14977 6062.04 
  416.75 14931 6076.61 
  410.23 15160 6073.15 
              disk0 
    KB/t  tps  MB/s 
  414.56 14980 6064.52 
  415.88 14902 6052.05 
  414.91 15057 6100.91 
  415.39 14936 6058.82 
  416.25 14892 6053.58 
  412.35 15136 6095.26 
  414.38 14996 6068.46 
  414.68 15005 6076.40 
  415.76 15056 6113.10 
  411.83 15060 6056.70 
  411.27 15031 6036.93 
  415.14 15024 6090.81 
  416.33 14984 6092.15 
  410.23 8571 3433.87 
  415.21 6757 2739.89 
  406.48 6543 2597.45 
  402.03 6743 2647.24 
  413.81 6561 2651.58 
  415.21 8877 3599.40 
  414.53 6571 2660.14 
              disk0 
    KB/t  tps  MB/s 
  415.91 7441 3022.16 
  414.34 8027 3248.09 
  415.16 6692 2713.03 
  413.45 6596 2663.27 
  414.92 13954 5654.09 
  412.77 15047 6065.47 
  416.06 14998 6093.62 
  416.09 14844 6031.69 
  415.79 15008 6093.86 
  413.98 15107 6107.38 
  416.63 14959 6086.14 
  415.56 14959 6070.58 
  414.02 15000 6064.62 
  413.16 15073 6081.63 
  416.07 14762 5998.20 
  416.63 14937 6077.37 
  416.82 14960 6089.42 
  405.32 15269 6043.67 
  416.37 14923 6067.75 
  413.06 15088 6086.30 
              disk0 
    KB/t  tps  MB/s 
  415.70 14990 6085.14 
  416.58 14916 6067.84 
  415.27 15083 6116.81 
  415.06 14936 6053.94 
  413.93 15032 6076.58 
  414.22 14877 6018.05 
  414.72 15055 6097.09 
  413.83 14882 6014.07 
  414.04 14966 6051.08 
  414.95 14935 6052.19 
  413.13 15006 6054.05 
  416.16 14919 6063.03 
  412.46 15123 6091.25 
  414.51 14956 6054.06 
  417.44 14862 6058.75 
  414.95 15098 6118.20 
  414.71 15028 6086.26 
  413.54 14988 6052.96 
  408.20 15227 6070.09 
  414.35 14980 6061.66 
              disk0 
    KB/t  tps  MB/s 
  417.35 14937 6087.79 
  415.10 14960 6064.17 
  413.27 15100 6094.10 
  415.66 15006 6091.35 
  417.25 14937 6086.54 
  415.18 14902 6041.84 
  413.52 15174 6127.49 
  416.36 14994 6096.79 
  412.25 14921 6007.23 
  413.12 15097 6090.79 
  416.30 15026 6108.50 
  409.05 15212 6076.69 
  416.41 14822 6027.33 
  408.35 15190 6057.42 
  414.02 14976 6055.04 
  409.28 15086 6029.74 
  413.03 15058 6073.85 
  415.02 14973 6068.39 
  413.79 14897 6019.66 
  417.29 14929 6083.91 
              disk0 
    KB/t  tps  MB/s 
  414.46 15012 6076.13 
  413.13 14998 6051.15 
  416.04 14954 6075.48 
  412.56 15093 6081.03 
  414.54 14919 6039.59 
  412.15 15105 6079.82 
  410.51 15150 6073.49 
  413.60 14995 6056.48 
  414.87 14911 6041.11 
  415.23 15062 6107.70 
  413.92 14940 6039.12 
  416.82 14934 6078.89 
  415.19 14969 6069.29 
  414.65 15026 6084.39 
  414.40 15038 6085.64 
  413.99 15070 6092.70 
  414.24 15083 6101.68 
  406.76 12451 4945.89 
  411.30 6479 2602.42 
  411.51 6546 2630.78 
              disk0 
    KB/t  tps  MB/s 
  417.23 6534 2662.33 
  414.28 6399 2588.76 
  411.44 6478 2602.75 
  415.07 6652 2696.18 
  417.68 6631 2704.91 
  411.47 6735 2706.40 
  415.53 12513 5077.82 
  415.21 14972 6070.74 
  414.58 15088 6108.76 
  411.59 15075 6059.22 
  413.76 14950 6040.48 
  413.43 14997 6054.75 
  413.13 15060 6076.01 
  413.26 15065 6080.05 
  412.36 15025 6050.58 
  415.52 15044 6104.31 
  413.42 14934 6029.11 
  415.00 14927 6049.33 
  409.19 15151 6054.55 
  410.11 15170 6075.55 
              disk0 
    KB/t  tps  MB/s 
  415.95 14974 6082.47 
  414.15 14840 6001.96 
  416.08 14970 6082.92 
  418.29 14882 6078.88 
  413.54 14975 6047.68 
  414.95 14975 6068.07 
  413.39 14962 6040.11 
  414.88 15001 6077.49 
  417.11 14913 6074.34 
  417.98 15059 6146.81 
  408.52 15040 6000.11 
  412.61 14975 6034.10 
  416.07 14922 6062.91 
  417.58 15024 6126.65 
  411.59 14995 6027.07 
  414.25 14912 6032.43 
  418.10 14981 6116.55 
  415.09 14989 6075.83 
  411.47 15084 6061.03 
  415.27 15032 6095.83 
              disk0 
    KB/t  tps  MB/s 
  411.68 15093 6067.95 
  415.85 14872 6039.36 
  413.81 14981 6054.00 
  415.10 15061 6105.10 
  416.43 14925 6069.29 
  416.78 14940 6080.80 
  415.07 14995 6077.96 
  415.01 15002 6080.20 
  414.12 15008 6069.58 
  411.99 15005 6037.02 
  411.84 15161 6097.77 
  413.60 15012 6063.52 
  415.79 15016 6097.10 
  415.60 15025 6098.08 
  413.53 15066 6084.09 
  413.06 15087 6085.72 
  414.66 14983 6067.02 
  405.53 12703 5030.87 
  415.89 6761 2745.74 
  414.44 6755 2733.72 
              disk0 
    KB/t  tps  MB/s 
  412.97 6521 2629.89 
  411.62 11409 4586.23 
  415.56 14984 6080.98 
  411.41 15124 6076.53 
  412.40 15082 6073.96 
  413.14 15012 6056.57 
  415.95 14940 6068.70 
  414.23 14962 6052.59 
  417.36 14938 6088.40 
  417.43 14974 6103.95 
  412.11 15044 6054.38 
  410.54 15123 6063.11 
  414.08 14974 6055.18 
  414.36 14954 6051.31 
  412.80 14982 6039.79 
  412.73 15167 6113.24 
  414.04 14926 6035.31 
  412.16 14994 6034.94 
  411.87 15014 6038.77 
  415.34 14850 6023.20 
              disk0 
    KB/t  tps  MB/s 
  414.59 14985 6067.02 
  413.30 15017 6061.14 
  411.53 15193 6105.92 
  414.82 14976 6066.78 
  415.89 14961 6076.33 
  414.93 15037 6092.85 
  413.12 14977 6042.40 
  415.10 14864 6025.36 
  413.27 15015 6059.93 
  415.65 14950 6068.52 
  414.39 14979 6061.60 
  414.55 15025 6082.43 
  412.30 15114 6085.35 
  414.35 15037 6084.44 
  413.54 14970 6045.44 
  416.05 14937 6068.93 
  418.65 8850 3618.05 
  415.88 6550 2660.31 
  408.68 6399 2554.03 
  414.66 6453 2613.01 
              disk0 
    KB/t  tps  MB/s 
  416.56 9784 3980.07 
  416.32 15012 6103.28 
  409.82 15087 6038.09 
  417.63 14891 6073.30 
  417.66 15023 6127.44 
  409.96 15132 6058.20 
  416.87 14912 6070.51 
  414.32 14958 6052.15 
  415.53 14997 6085.76 
  415.42 14947 6063.72 
  415.39 14883 6037.33 
  413.70 14967 6046.55 
  414.09 14926 6035.71 
  410.88 15018 6026.13 
  414.95 14972 6066.92 
  416.51 14866 6046.54 
  415.09 14953 6061.34 
  406.25 15271 6058.35 
  414.65 8372 3390.20 
  417.93 6661 2718.57 
              disk0 
    KB/t  tps  MB/s 
  415.90 6620 2688.76 
  405.98 6673 2645.71 
  412.23 6735 2711.44 
  409.56 6559 2623.25 
  412.17 6495 2614.27 
  415.73 6663 2705.25 
  414.06 6700 2709.09 
  416.55 6496 2642.64 
  416.56 6576 2675.20 
  416.43 14390 5851.85 
  412.88 14991 6044.21 
  416.51 14953 6082.14 
  414.45 14993 6068.12 
  411.47 15124 6077.09 
  414.01 15050 6085.06 
  417.24 14961 6096.06 
  415.25 14978 6073.98 
  407.73 15194 6049.90 
  415.81 15001 6091.23 
  414.17 14906 6029.07 
              disk0 
    KB/t  tps  MB/s 
  412.06 15019 6043.61 
  415.17 15053 6103.12 
  417.29 14929 6083.93 
  417.13 14919 6077.12 
  411.13 15036 6036.77 
  417.91 14989 6117.36 
  415.64 14998 6087.75 
  416.27 14939 6072.94 
  413.90 15101 6103.95 
  416.86 14940 6082.00 
  417.92 12096 4936.88 
  415.78 6737 2735.24 
  412.14 6518 2623.34 
  413.84 6638 2682.86 
  401.95 6922 2717.25 
  414.26 9824 3974.37 
  416.86 14847 6044.12 
  414.13 14983 6059.37 
  411.34 14985 6019.54 
  413.74 15117 6108.10 
              disk0 
    KB/t  tps  MB/s 
  416.57 14913 6066.68 
  416.44 14975 6090.12 
  416.71 14915 6069.49 
  413.70 15066 6086.59 
  415.49 14948 6065.25 
  410.99 15092 6057.34 
  413.64 14981 6051.46 
  417.31 14808 6034.82 
  414.81 14944 6053.80 
  416.51 14727 5990.06 
  412.83 15055 6069.61 
  413.42 14925 6025.72 
  417.08 14906 6071.43 
  415.36 14982 6077.24 
  416.12 14911 6059.08 
  412.24 15063 6064.04 
  416.25 14915 6062.88 
  402.94 15351 6040.70 
  414.73 14924 6044.36 
  413.77 15029 6072.90 
              disk0 
    KB/t  tps  MB/s 
  414.80 14978 6067.23 
  417.43 14923 6083.31 
  415.66 14990 6084.78 
  413.40 14952 6036.37 
  414.42 15107 6113.74 
  412.36 15065 6066.52 
  416.67 14902 6063.54 
  412.06 14983 6029.06 
  414.31 15054 6090.73 
  416.24 14876 6047.04 
  415.20 14930 6053.67 
  416.13 15010 6099.48 
  414.73 15012 6080.07 
  416.51 14971 6089.40 
  412.82 15130 6099.74 
  415.78 14967 6077.37 
  409.77 15190 6078.72 
  407.66 15251 6071.65 
  416.61 14994 6100.10 
  414.83 14986 6070.95 
              disk0 
    KB/t  tps  MB/s 
  414.70 14923 6043.53 
  414.44 15079 6102.93 
  414.65 14934 6047.22 
  414.10 13720 5548.23 
  417.58 6811 2777.33 
  411.42 6421 2579.92 
  404.41 6672 2634.91 
  410.94 9336 3746.58 
  412.02 15462 6221.30 
  414.42 15236 6166.36 
  416.84 15316 6234.78 
  416.35 15302 6221.52 
  417.15 15210 6196.27 
  413.78 15390 6218.89 
  415.08 15278 6192.85 
  415.17 15196 6160.92 
  417.71 15027 6129.82 
  410.97 15092 6057.21 
  412.92 14986 6043.04 
  410.06 15206 6089.08 
              disk0 
    KB/t  tps  MB/s 
  413.26 14932 6026.28 
  414.01 14994 6062.21 
  413.12 15037 6066.28 
  412.97 15100 6089.62 
  414.28 14928 6039.25 
  415.38 14995 6082.78 
  416.91 15090 6143.69 
  411.25 15066 6050.83 
  411.65 15030 6041.92 
  414.83 14954 6057.86 
  418.33 15008 6131.34 
  413.95 14960 6047.40 
  415.09 14916 6046.37 
  415.25 14960 6066.34 
  414.84 14890 6032.15 
  413.89 14952 6043.35 
  415.11 15000 6080.69 
  403.59 15364 6055.39 
  414.29 15018 6075.79 
  416.81 14941 6081.34 
              disk0 
    KB/t  tps  MB/s 
  415.02 14973 6068.52 
  416.38 14884 6052.01 
  415.41 14976 6075.48 
  413.18 14885 6006.17 
  413.63 15077 6089.94 
  410.41 15132 6064.80 
  413.29 15007 6056.85 
  415.24 15110 6127.30 
  413.40 15013 6061.13 
  414.83 14984 6070.05 
  416.21 14966 6082.79 
  412.74 15028 6057.39 
  412.19 15116 6084.50 
  409.57 15066 6026.00 
  412.95 15108 6092.55 
  412.19 15063 6063.46 
  413.46 15003 6057.93 
  413.64 15102 6100.50 
  411.17 15094 6060.73 
  416.02 14943 6071.15 
              disk0 
    KB/t  tps  MB/s 
  415.41 15000 6085.06 
  415.95 15050 6113.35 
  412.35 6984 2812.43 
  414.27 6685 2704.37 
  415.12 6659 2699.60 
  418.25 6609 2699.38 
  414.38 15103 6111.53 
  413.53 15074 6087.61 
  410.05 15132 6059.47 
  413.43 14934 6029.45 
  415.39 15051 6105.46 
  414.26 14943 6045.39 
  414.96 14911 6042.38 
  411.48 15098 6066.77 
  414.86 14948 6055.96 
  412.91 14964 6033.75 
  417.33 14928 6083.71 
  417.96 14910 6085.77 
  411.60 15000 6029.08 
  410.62 15051 6035.45 
              disk0 
    KB/t  tps  MB/s 
  415.41 15016 6091.63 
  416.39 14883 6051.78 
  414.44 14925 6040.75 
  414.68 15014 6080.24 
  415.78 14960 6074.34 
  415.66 14909 6051.93 
  414.61 14936 6047.53 
  414.18 15059 6090.91 
  415.06 14926 6049.81 
  408.06 10807 4306.54 
  412.11 6481 2608.39 
  418.39 6614 2702.21 
  415.64 6744 2737.24 
  417.32 6656 2712.55 
  416.20 12156 4940.89 
  413.00 15008 6053.27 
  410.00 15189 6081.28 
  401.16 15493 6069.50 
  415.56 14979 6078.95 
  414.44 15088 6106.38 
              disk0 
    KB/t  tps  MB/s 
  411.85 15041 6049.55 
  413.01 15043 6067.39 
  415.52 14951 6067.03 
  412.09 15018 6043.80 
  414.30 13509 5465.37 
  411.60 6414 2578.25 
  415.11 6803 2757.68 
  417.10 6778 2760.97 
  414.66 6618 2679.75 
  417.41 6828 2783.16 
  411.45 13331 5356.71 
  416.01 14919 6061.15 
  415.37 14878 6034.94 
  414.35 15106 6112.43 
  417.19 14928 6081.83 
  415.59 15048 6107.13 
  403.72 8689 3425.76 
  413.71 6521 2634.72 
  414.18 6504 2630.87 
  415.70 6565 2665.02 
              disk0 
    KB/t  tps  MB/s 
  409.95 6629 2653.94 
  410.55 6383 2559.12 
  415.95 6459 2623.55 
  416.89 6667 2714.31 
  413.03 6606 2664.39 
  416.11 6740 2738.91 
  415.34 6823 2767.45 
  415.01 6580 2666.89 
  416.44 8088 3289.41 
  414.55 6547 2650.58 
  418.56 7648 3126.21 
  410.61 6787 2721.38 
  416.68 6659 2709.43 
  407.72 7427 2957.09 
  413.11 15071 6079.96 
  415.89 13636 5538.00 
  404.21 6394 2523.82 
  414.86 6653 2695.57 
  404.30 6771 2673.41 
  410.96 6667 2675.74 
              disk0 
    KB/t  tps  MB/s 
  416.48 6765 2751.59 
  415.34 10297 4176.61 
  414.24 15039 6083.59 
  415.26 14944 6060.41 
  414.50 14903 6032.42 
  415.36 14911 6048.24 
  415.17 15042 6098.70 
  411.91 15108 6077.30 
  415.57 14976 6077.77 
  413.90 15034 6076.65 
  414.07 14996 6063.89 
  416.65 14846 6040.54 
  415.39 14989 6080.41 
  413.53 15046 6075.96 
  413.87 14966 6048.81 
  415.84 14954 6072.64 
  414.22 14941 6043.56 
  402.71 15419 6063.74 
  420.14 7154 2935.36 
  415.64 6664 2704.95 
              disk0 
    KB/t  tps  MB/s 
  405.36 6566 2599.08 
  412.09 6730 2708.30 
  409.04 6448 2575.58 
  411.20 13581 5453.75 
  413.56 15052 6078.79 
  416.90 14878 6057.33 
  412.69 15001 6045.64 
  400.81 15501 6067.29 
  411.29 15095 6062.99 
  408.74 11393 4547.79 
  414.11 6449 2607.93 
  416.48 6692 2721.73 
  414.19 6646 2688.16 
  410.27 6689 2680.02 
  405.50 6557 2596.69 
  407.28 6468 2572.56 
  402.70 6792 2670.87 
  415.64 6766 2746.16 
  417.75 6743 2750.72 
  418.36 6739 2753.11 
              disk0 
    KB/t  tps  MB/s 
  415.74 7510 3049.00 
  416.73 14930 6075.97 
  415.19 14979 6073.38 
  412.75 15083 6079.65 
  416.65 14953 6084.16 
  415.11 14991 6077.00 
  414.99 15019 6086.64 
  412.85 15005 6049.51 
  415.85 11169 4535.70 
  413.79 6487 2621.20 
  419.26 6769 2771.48 
  412.52 6586 2653.24 
  407.00 6700 2663.00 
  410.48 6763 2711.06 
  415.03 6318 2560.92 
  417.73 6709 2736.97 
  413.86 6626 2677.88 
  412.93 6554 2642.71 
  415.25 6747 2735.88 
  416.44 8740 3554.39 
              disk0 
    KB/t  tps  MB/s 
  415.94 14995 6090.72 
  415.69 15009 6092.90 
  414.19 14908 6029.88 
  414.64 14928 6044.75 
  410.77 15228 6108.50 
  414.88 14971 6065.47 
  414.30 14980 6060.67 
  414.53 15002 6073.17 
  415.47 12260 4974.48 
  416.56 6598 2684.27 
  412.72 6681 2692.96 
  415.69 6805 2762.38 
  416.31 6658 2706.64 
  415.21 6699 2716.39 
  409.86 14534 5817.10 
  417.47 14939 6090.45 
  416.00 15018 6100.93 
  404.30 15314 6046.41 
  415.85 14226 5777.34 
  412.75 6357 2562.32 
              disk0 
    KB/t  tps  MB/s 
  417.30 6737 2745.56 
  414.01 6661 2692.98 
  411.33 6844 2748.99 
  406.39 6849 2718.24 
  408.29 10922 4354.71 
  414.90 14925 6047.11 
  416.24 14907 6059.36 
  413.17 14994 6050.08 
  416.27 14915 6063.05 
  415.35 14903 6044.85 
  416.72 15089 6140.49 
  415.73 14928 6060.71 
  415.98 14974 6082.71 
  414.42 15084 6104.55 
  415.63 14950 6068.18 
  407.12 15290 6078.89 
  413.69 15062 6084.96 
  416.86 14852 6046.25 
  416.02 14924 6063.42 
  416.52 14864 6046.18 
              disk0 
    KB/t  tps  MB/s 
  414.87 14986 6071.42 
  415.55 14870 6034.43 
  416.84 14934 6079.18 
  412.59 15037 6058.77 
  415.59 15031 6100.43 
  410.46 15020 6020.61 
  415.55 14989 6082.72 
  411.56 15051 6049.02 
  413.49 14998 6056.18 
  414.86 15060 6101.31 
  413.54 14967 6044.45 
  414.01 14928 6035.47 
  405.37 15105 5979.46 
  412.99 15011 6054.04 
  414.51 14963 6056.78 
  416.51 14926 6071.15 
  412.83 15123 6097.02 
  413.73 15013 6065.83 
  415.03 15006 6082.19 
  413.07 15117 6098.11 
              disk0 
    KB/t  tps  MB/s 
  413.37 15123 6105.02 
  414.01 14989 6060.30 
  416.07 14967 6081.37 
  414.31 15018 6076.28 
  413.96 14999 6063.57 
  414.01 14994 6062.29 
  412.47 15102 6083.29 
  413.93 15086 6098.10 
  413.64 15023 6068.57 
  414.91 14940 6053.38 
  415.75 15095 6128.58 
  415.28 15004 6084.95 
  416.09 14920 6062.65 
  415.81 15005 6092.92 
  416.22 15003 6098.04 
  414.61 15028 6084.64 
  410.34 15139 6066.40 
  407.87 15356 6116.61 
  415.47 14932 6058.33 
  413.17 15017 6059.17 
              disk0 
    KB/t  tps  MB/s 
  412.08 14092 5670.89 
  416.91 6673 2716.73 
  407.56 6670 2654.52 
  416.92 6759 2752.10 
  416.55 10772 4381.75 
  416.91 14944 6084.10 
  415.60 15029 6099.70 
  413.57 15028 6069.71 
  415.06 14969 6067.32 
  415.67 14977 6079.57 
  415.30 15039 6099.42 
  413.93 15044 6080.96 
  415.10 14976 6070.75 
  413.68 15081 6092.66 
  415.21 15009 6085.77 
  397.07 7616 2953.22 
  414.36 6671 2699.47 
  407.56 6764 2692.10 
  416.10 6822 2771.95 
  411.20 6530 2622.14 
              disk0 
    KB/t  tps  MB/s 
  417.61 10794 4402.18 
  416.87 12367 5034.42 
  412.84 6258 2522.88 
  415.00 6728 2726.75 
  413.55 6648 2684.98 
  412.63 6702 2700.75 
  418.07 6684 2729.04 
  412.55 6310 2542.31 
  410.30 6331 2536.71 
  417.91 6718 2741.92 
  416.51 6690 2721.22 
  414.69 6637 2687.90 
  414.98 6791 2751.95 
  411.92 13748 5530.45 
  416.01 6585 2675.34 
  415.69 6572 2667.78 
  415.48 6665 2704.11 
  415.16 6698 2715.62 
  413.48 6657 2688.01 
  416.63 8381 3409.91 
              disk0 
    KB/t  tps  MB/s 
  412.88 15107 6091.01 
  415.20 14928 6052.69 
  415.87 14974 6081.25 
  412.55 15098 6082.46 
  414.24 14950 6047.84 
  413.87 14966 6048.77 
  415.02 14967 6066.04 
  417.12 15006 6112.80 
  413.17 10646 4295.39 
  410.11 6554 2625.03 
  402.55 6549 2574.61 
  412.08 6591 2652.28 
  417.09 6720 2737.17 
  415.92 6539 2656.05 
  405.24 6411 2536.95 
  411.35 6624 2660.83 
  412.94 6741 2718.58 
  414.04 6799 2749.26 
  400.50 7061 2761.73 
  416.77 9797 3987.34 
              disk0 
    KB/t  tps  MB/s 
  414.65 15009 6077.75 
  414.98 14844 6015.59 
  409.28 6664 2663.57 
  407.21 6703 2665.53 
  415.82 6653 2701.58 
  414.21 6711 2714.70 
  414.76 6565 2659.05 
  413.79 6522 2635.51 
  414.90 6381 2585.55 
  408.88 6744 2692.71 
  411.44 6696 2690.25 
  417.30 6768 2757.93 
  412.05 6617 2662.53 
  413.86 11722 4737.57 
  414.25 14926 6038.26 
  409.96 15185 6079.30 
  415.18 14877 6031.87 
  414.04 15034 6078.73 
  414.54 14954 6053.60 
  414.38 14894 6027.32 
              disk0 
    KB/t  tps  MB/s 
  411.16 15126 6073.50 
  414.41 6655 2693.37 
  418.07 6763 2761.22 
  415.65 6619 2686.93 
  417.61 6767 2759.84 
  412.96 6656 2684.26 
  415.35 10662 4324.66 
  416.18 14964 6081.84 
  415.58 15049 6107.55 
  413.28 14972 6042.79 
  411.10 14947 6000.49 
  413.11 15064 6077.29 
  413.63 14997 6057.75 
  415.50 14890 6041.69 
  413.97 14984 6057.69 
  416.20 15025 6106.74 
  417.52 14906 6077.60 
  412.41 14995 6039.01 
  416.34 14922 6067.00 
  414.73 14938 6049.94 
              disk0 
    KB/t  tps  MB/s 
  415.62 14929 6059.23 
  412.84 15011 6052.06 
  416.91 14975 6096.81 
  412.81 15040 6063.21 
  414.00 15000 6064.47 
  412.57 15024 6053.31 
  414.53 15070 6100.66 
  415.07 14964 6065.61 
  415.50 14990 6082.54 
  416.20 14960 6080.50 
  413.73 14944 6037.97 
  412.90 15068 6075.82 
  414.67 14873 6022.83 
  413.36 15071 6084.00 
  416.04 14901 6053.98 
  411.48 14500 5826.52 
  412.94 6548 2640.62 
  416.91 6693 2724.81 
  390.47 6809 2596.50 
  411.90 6712 2699.75 
              disk0 
    KB/t  tps  MB/s 
  414.14 10958 4431.76 
  409.55 15110 6043.36 
  415.77 14999 6090.14 
  416.10 14988 6090.34 
  414.13 15044 6084.02 
  413.77 14995 6059.22 
  411.63 15173 6099.20 
  411.84 15039 6048.37 
  414.92 14960 6061.49 
  413.52 15020 6065.72 
  417.19 14927 6081.38 
  416.34 14942 6074.96 
  409.30 15108 6038.74 
  415.11 15070 6108.92 
  406.28 15262 6055.40 
  415.50 14892 6042.62 
  413.05 15019 6058.02 
  414.83 14958 6059.56 
  413.83 14976 6052.22 
  414.61 14993 6070.54 
              disk0 
    KB/t  tps  MB/s 
  414.94 14993 6075.28 
  416.42 14899 6058.75 
  411.95 15078 6065.72 
  414.67 15106 6117.23 
  416.42 14942 6076.31 
  416.22 14982 6089.60 
  413.54 14902 6018.24 
  417.03 15043 6126.22 
  415.81 14948 6069.94 
  416.31 14936 6072.20 
  413.63 15128 6110.65 
  407.55 15156 6031.99 
  410.08 15089 6042.88 
  414.44 15011 6075.56 
  416.31 15019 6105.87 
  416.17 14936 6070.08 
  416.28 14894 6054.88 
  416.04 14941 6070.36 
  413.31 15017 6061.11 
  413.64 14966 6045.49 
              disk0 
    KB/t  tps  MB/s 
  414.16 15063 6092.39 
  415.88 14996 6090.22 
  416.24 14956 6079.45 
  412.04 15109 6079.68 
  413.72 15110 6104.89 
  414.84 14978 6067.91 
  417.82 14916 6086.19 
  414.41 14977 6061.36 
  414.02 15058 6088.16 
  417.24 14891 6067.69 
  415.17 14994 6079.03 
  416.75 15060 6129.31 
  414.38 14938 6044.97 
  411.60 15075 6059.40 
  415.51 14884 6039.63 
  415.90 15036 6106.94 
  414.19 15023 6076.69 
  412.86 15023 6056.97 
  408.75 15264 6092.90 
  412.25 15024 6048.37 
              disk0 
    KB/t  tps  MB/s 
  417.04 14959 6092.35 
  416.05 14959 6077.86 
  414.91 13965 5658.46 
  409.60 6739 2695.78 
  412.71 6803 2741.85 
  417.64 6679 2724.27 
  415.17 12999 5270.16 
  412.61 14830 5975.77 
  413.35 15033 6068.13 
  414.00 15029 6076.24 
  417.20 14992 6108.05 
  416.77 14914 6070.09 
  413.01 14976 6040.37 
  415.32 15008 6086.99 
  404.87 15360 6073.03 
  414.91 14902 6037.83 
  417.12 14937 6084.46 
  410.96 15128 6071.21 
  413.61 14955 6040.71 
  412.20 14964 6023.52 
              disk0 
    KB/t  tps  MB/s 
  415.86 14997 6090.27 
  416.20 14964 6082.10 
  416.54 14906 6063.19 
  410.88 15107 6061.71 
  411.13 14974 6012.07 
  416.07 14910 6058.30 
  414.33 14971 6057.65 
  416.27 14867 6043.60 
  414.67 14860 6017.62 
  415.78 14989 6086.22 
  414.00 14948 6043.44 
  411.83 15028 6043.94 
  415.33 8431 3419.69 
  416.77 6664 2712.08 
  411.14 6666 2676.57 
  397.29 6803 2639.30 
  415.60 7067 2868.18 
  412.26 15063 6064.54 
  414.51 14969 6059.51 
  415.39 14955 6066.44 
              disk0 
    KB/t  tps  MB/s 
  415.57 14936 6061.28 
  415.18 14925 6051.12 
  413.23 14955 6034.95 
  412.72 15040 6061.91 
  413.34 15044 6072.79 
  411.07 15069 6049.23 
  416.34 14960 6082.34 
  415.85 15022 6100.51 
  411.83 14985 6026.38 
  412.76 14968 6033.16 
  411.74 15046 6049.82 
  417.12 14927 6080.53 
  414.86 14972 6065.73 
  413.33 14997 6053.40 
  413.91 14956 6045.16 
  412.13 15078 6068.45 
  410.22 15092 6046.08 
  416.55 14842 6037.41 
  409.07 15092 6028.89 
  410.47 15213 6098.01 
              disk0 
    KB/t  tps  MB/s 
  411.61 15032 6042.18 
  414.85 14941 6053.06 
  415.73 14972 6078.53 
  414.10 14937 6040.54 
  416.33 7920 3219.89 
  410.70 6505 2608.97 
  398.65 6779 2639.13 
  413.85 6706 2710.35 
  412.65 8201 3305.01 
  413.70 15109 6104.25 
  414.51 14923 6040.79 
  414.91 14935 6051.53 
  411.96 15088 6069.93 
  415.78 14901 6050.24 
  407.67 15222 6060.14 
  414.85 15001 6077.37 
  411.80 15099 6071.95 
  415.55 14913 6051.98 
  415.53 14884 6039.66 
  410.46 15186 6087.24 
              disk0 
    KB/t  tps  MB/s 
  415.22 14894 6039.26 
  415.79 14917 6056.91 
  412.74 15166 6112.68 
  416.34 14945 6076.53 
  414.24 14941 6044.00 
  416.19 15024 6106.13 
  416.93 14909 6070.32 
  413.62 14997 6057.46 
  416.72 14988 6099.40 
  417.47 14958 6098.06 
  413.90 14977 6053.74 
  415.84 14919 6058.50 
  410.56 15124 6063.72 
  416.35 15029 6110.43 
  415.83 14911 6054.92 
  416.00 15086 6128.56 
  414.48 14946 6049.83 
  410.58 15025 6024.46 
  416.71 14847 6042.06 
  413.03 15051 6070.97 
              disk0 
    KB/t  tps  MB/s 
  414.93 14995 6075.95 
  406.45 15245 6050.87 
  414.31 15011 6073.40 
  415.23 14957 6065.20 
  416.22 14935 6070.33 
  412.96 14993 6046.25 
  415.11 15046 6099.40 
  413.53 15033 6071.09 
  413.77 14994 6058.64 
  414.30 15087 6104.15 
  414.42 15018 6078.01 
  414.19 14952 6047.95 
  414.32 15073 6098.81 
  415.17 14983 6074.48 
  410.19 15181 6081.05 
  411.84 15014 6038.38 
  414.97 14990 6074.51 
  415.47 15019 6093.79 
  406.25 15353 6090.87 
  411.12 15196 6101.10 
              disk0 
    KB/t  tps  MB/s 
  410.01 15093 6043.48 
  415.32 14979 6075.27 
  415.14 14975 6070.91 
  413.87 15045 6080.93 
  416.98 14980 6099.82 
  415.43 14960 6069.16 
  417.87 15020 6129.23 
  413.30 14987 6048.94 
  411.39 15086 6060.76 
  416.10 14961 6079.55 
  414.10 15149 6126.12 
  412.86 12122 4887.48 
  415.07 6658 2698.73 
  406.36 6868 2725.50 
  409.62 6672 2668.72 
  414.43 6430 2602.27 
  411.04 6353 2550.14 
  415.82 6715 2726.76 
  415.96 6806 2764.81 
  415.98 6614 2686.70 
              disk0 
    KB/t  tps  MB/s 
  413.93 8021 3242.32 
  415.42 14986 6079.69 
  415.67 14963 6073.90 
  413.53 9956 4020.55 
  405.78 6422 2544.91 
  416.41 6709 2728.09 
  417.25 6869 2798.81 
  414.45 6665 2697.56 
  416.46 6613 2689.39 
  415.39 14673 5952.35 
  415.10 14856 6022.13 
  415.21 14997 6080.86 
  413.44 14991 6052.48 
  416.10 14838 6029.26 
  411.70 15094 6068.48 
  416.04 15048 6114.01 
  414.73 14943 6052.26 
  416.69 14988 6099.00 
  416.78 14927 6075.39 
  414.06 14975 6055.26 
              disk0 
    KB/t  tps  MB/s 
  413.15 15028 6063.33 
  416.82 15025 6115.76 
  416.22 14978 6087.96 
  416.83 14943 6082.49 
  410.81 15049 6037.33 
  412.04 14996 6034.36 
  415.96 14931 6065.09 
  414.11 15027 6076.81 
  414.92 14950 6057.54 
  414.62 14888 6028.31 
  416.77 15038 6120.38 
  413.93 14983 6056.54 
  414.25 14943 6045.06 
  416.75 15009 6108.25 
  415.47 14970 6073.79 
  408.96 15132 6043.33 
  417.08 14949 6088.97 
  417.23 14943 6088.56 
  403.51 15327 6039.43 
  410.88 15044 6036.44 
              disk0 
    KB/t  tps  MB/s 
  413.65 15003 6060.44 
  411.55 15028 6039.82 
  410.79 15068 6044.58 
  415.38 11714 4751.60 
  417.21 6729 2741.73 
  406.58 6827 2710.64 
  416.25 6762 2748.76 
  388.14 8301 3146.46 
  401.81 12066 4734.68 
  401.25 15477 6064.40 
  414.39 15049 6089.79 
  414.15 14972 6055.23 
  415.31 14936 6057.55 
  413.99 14949 6043.56 
  414.58 15065 6099.29 
  416.20 14891 6052.19 
  413.55 15046 6076.37 
  410.05 15159 6070.07 
  414.31 14983 6061.92 
  411.62 15048 6048.84 
              disk0 
    KB/t  tps  MB/s 
  413.88 15047 6081.51 
  415.35 14931 6056.12 
  414.93 14897 6036.48 
  412.70 14973 6034.50 
  411.41 15120 6074.49 
  409.55 15006 6001.56 
  409.41 15097 6036.16 
  413.04 15117 6097.64 
  412.08 15045 6054.31 
  407.73 15129 6024.08 
  403.98 15298 6035.41 
  407.66 15185 6045.42 
  407.98 15285 6089.73 
  405.12 15280 6045.21 
  402.33 15509 6093.55 
  411.12 15023 6031.56 
  402.31 15363 6035.92 
  410.91 15090 6055.55 
  413.59 15060 6082.83 
  409.94 15082 6037.83 
              disk0 
    KB/t  tps  MB/s 
  415.65 14263 5789.62 
  413.18 6743 2720.92 
  411.33 6709 2694.89 
  410.69 6714 2692.72 
  411.32 6816 2737.92 
  413.78 11389 4602.03 
  415.12 15024 6090.70 
  405.87 9326 3696.38 
  413.22 6638 2678.83 
  400.55 6891 2695.54 
  413.91 6824 2758.22 
  412.58 6708 2702.71 
  406.55 6567 2607.24 
  406.68 6355 2523.90 
  407.84 6563 2613.94 
  412.67 6770 2728.19 
  410.90 6691 2684.81 
  409.42 6805 2720.79 
  415.67 8606 3493.44 
  382.98 12652 4731.83 
              disk0 
    KB/t  tps  MB/s 
  406.76 15210 6041.98 
  410.60 15074 6044.18 
  411.52 15126 6078.64 
  409.60 15088 6035.19 
  413.70 14961 6044.27 
  415.92 14986 6086.77 
  414.71 14934 6047.97 
  415.90 14982 6084.88 
  413.41 15029 6067.50 
  414.80 15057 6099.35 
  412.86 15076 6078.35 
  409.51 15084 6032.38 
  411.84 15054 6054.62 
  407.41 15262 6072.00 
  410.79 15054 6039.02 
  407.80 15185 6047.45 
  411.63 15077 6060.72 
  414.43 14919 6038.10 
  411.21 14985 6017.35 
  415.69 14915 6054.57 
              disk0 
    KB/t  tps  MB/s 
  412.26 15151 6099.68 
  407.06 15245 6060.28 
  409.44 15166 6064.17 
  409.93 15203 6086.03 
  411.98 15003 6035.88 
  410.12 15094 6045.37 
  413.65 15102 6100.36 
  414.96 14923 6047.30 
  415.47 14910 6049.57 
  410.64 15016 6021.56 
  416.02 15044 6111.89 
  414.47 14967 6057.77 
  413.38 15033 6068.49 
  411.83 14993 6029.87 
  412.29 15131 6092.28 
  416.65 14948 6082.13 
  408.39 15113 6027.13 
  410.80 15137 6072.59 
  413.20 15106 6095.48 
  411.36 15082 6058.90 
              disk0 
    KB/t  tps  MB/s 
  414.83 15062 6101.65 
  414.94 15040 6094.31 
  414.74 15080 6107.64 
  413.42 15081 6088.46 
  406.46 15386 6107.22 
  409.74 15172 6070.90 
  411.78 15124 6081.76 
  403.95 15297 6034.53 
  411.07 15245 6119.88 
  410.26 15119 6057.25 
  408.79 15141 6044.52 
  409.69 15195 6079.14 
  381.89 16137 6017.98 
  386.44 16059 6060.23 
  400.88 15638 6121.94 
  409.62 15208 6083.61 
  412.73 15049 6065.48 
  403.20 15239 6000.43 
  412.27 15271 6148.43 
  392.80 16016 6143.65 
              disk0 
    KB/t  tps  MB/s 
  364.72 16989 6050.90 
  365.87 16772 5992.45 
  415.73 15129 6142.30 
  417.29 15266 6221.23 
  413.30 15255 6157.33 
  414.40 15191 6147.49 
  416.12 15239 6192.56 
  414.96 15177 6150.39 
  412.74 15317 6173.64 
  415.26 15183 6157.05 
  414.48 15138 6127.29 
  410.21 15481 6201.52 
  414.79 15140 6132.85 
  414.31 15261 6174.67 
  411.99 15247 6134.31 
  414.62 15276 6185.25 
  413.06 15287 6166.38 
  416.01 15166 6161.32 
  415.50 15257 6190.90 
  415.53 15181 6160.40 
              disk0 
    KB/t  tps  MB/s 
  415.89 15277 6204.50 
  413.95 15223 6153.95 
  411.93 15236 6129.08 
  413.73 15228 6152.68 
  411.67 15308 6154.26 
  416.42 15124 6150.39 
  414.51 15131 6125.11 
  414.48 15137 6126.81 
  412.88 15204 6130.34 
  416.67 15079 6135.86 
  415.86 15264 6198.74 
  412.56 15223 6133.35 
  412.53 15336 6178.37 
  414.69 15191 6152.02 
  413.48 15236 6152.25 
  413.69 15320 6189.17 
  414.33 15243 6167.67 
  414.05 15173 6134.89 
  413.24 15323 6183.74 
  414.72 15102 6116.23 
              disk0 
    KB/t  tps  MB/s 
  413.03 15350 6191.58 
  416.76 15136 6160.50 
  416.46 15148 6160.65 
  414.86 15187 6152.97 
  411.50 15260 6132.11 
  410.92 15421 6188.26 
  415.42 15190 6162.44 
  415.46 15219 6174.61 
  417.32 15164 6180.01 
  415.70 15209 6174.24 
  414.41 15328 6203.25 
  414.65 15193 6152.03 
  412.59 15223 6133.61 
  415.33 15142 6141.75 
  414.39 15195 6149.15 
  412.52 15316 6169.87 
  412.24 15321 6167.80 
  418.19 15243 6225.21 
  412.30 15208 6123.47 
  406.81 15478 6149.17 
              disk0 
    KB/t  tps  MB/s 
  413.58 15291 6175.65 
  414.36 15087 6104.97 
  413.90 15285 6178.18 
  415.70 15170 6158.49 
  414.19 15131 6120.17 
  415.57 15254 6190.48 
  409.54 15328 6130.23 
  415.16 14121 5725.05 
  417.02 6712 2733.31 
  409.49 6556 2621.74 
  415.41 11483 4658.31 
  406.99 15160 6025.33 
  416.34 14946 6076.92 
  412.75 14982 6039.05 
  414.09 15020 6073.65 
  414.97 14994 6076.24 
  412.45 15041 6058.29 
  416.94 14992 6104.43 
  415.34 14966 6070.33 
  415.08 14962 6064.77 
              disk0 
    KB/t  tps  MB/s 
  415.25 14897 6041.07 
  414.54 15042 6089.45 
  415.99 14909 6056.55 
  416.36 14952 6079.38 
  416.11 14984 6089.00 
  414.69 14957 6057.22 
  412.99 14883 6002.27 
  414.09 15024 6075.23 
  413.23 14972 6041.93 
  415.26 14987 6077.54 
  413.12 15004 6053.24 
  415.99 14933 6066.44 
  414.57 14928 6043.52 
  415.72 15013 6094.76 
  415.76 14965 6075.98 
  413.07 14997 6049.77 
  410.63 15001 6015.35 
  409.54 15172 6068.11 
  412.88 15069 6076.05 
  414.47 14883 6024.11 
              disk0 
    KB/t  tps  MB/s 
  416.41 14975 6089.77 
  415.74 14936 6063.95 
  412.54 15014 6048.79 
  414.65 15001 6074.28 
  414.39 14932 6042.64 
  416.44 14817 6025.60 
  415.80 14992 6087.34 
  407.15 15108 6007.12 
  413.61 15027 6069.54 
  417.15 14888 6064.96 
  413.09 15063 6076.71 
  413.71 14934 6033.39 
  415.56 14971 6075.59 
  417.83 14897 6078.63 
  415.13 14984 6074.72 
  414.66 14994 6071.65 
  412.27 15120 6087.32 
  412.44 14911 6005.97 
  410.32 15122 6059.64 
  411.16 15120 6070.88 
              disk0 
    KB/t  tps  MB/s 
  409.16 15315 6119.33 
  414.47 14980 6063.26 
  414.11 14997 6064.83 
  416.22 15054 6119.05 
  415.49 14923 6055.12 
  416.60 14914 6067.50 
  415.92 15015 6098.75 
  414.71 14915 6040.39 
  410.60 15166 6081.27 
  413.52 15009 6060.86 
  413.58 14922 6027.05 
  407.55 15168 6036.82 
  415.03 14995 6077.45 
  416.37 14976 6089.36 
  415.11 14931 6052.84 
  416.09 14909 6057.89 
  415.60 14932 6060.38 
  412.22 15073 6067.73 
  412.24 15050 6059.03 
  415.92 14954 6074.01 
              disk0 
    KB/t  tps  MB/s 
  415.41 14986 6079.47 
  416.21 15007 6099.84 
  413.21 14927 6023.27 
  415.43 14984 6078.73 
  416.77 14974 6094.63 
  414.74 14942 6051.58 
  415.75 15021 6098.70 
  414.73 14995 6073.16 
  416.77 14924 6074.11 
  411.83 15126 6083.46 
  415.71 15031 6101.90 
  416.10 14939 6070.58 
  414.00 15059 6088.17 
  416.17 14994 6094.00 
  415.70 12813 5201.39 
  417.47 6789 2767.63 
  412.06 6541 2632.16 
  413.43 6241 2519.82 
  417.15 6626 2699.25 
  408.47 6761 2696.84 
              disk0 
    KB/t  tps  MB/s 
  415.72 6774 2750.09 
  411.89 6490 2610.72 
  415.22 6966 2824.63 
  414.29 15040 6084.81 
  417.60 14941 6093.04 
  414.08 14871 6013.31 
  417.60 14955 6099.05 
  415.07 14989 6075.62 
  414.95 15009 6082.04 
  417.61 14949 6096.63 
  411.64 14961 6014.16 
  412.48 15131 6095.12 
  412.15 14993 6034.34 
  414.83 15042 6093.73 
  413.15 14998 6051.33 
  414.66 15060 6098.50 
  416.83 14956 6088.16 
  413.63 14821 5986.85 
  416.43 14998 6099.04 
  410.98 15068 6047.41 
              disk0 
    KB/t  tps  MB/s 
  402.91 15393 6056.64 
  414.69 14941 6050.54 
  415.95 15000 6093.03 
  412.99 15018 6056.70 
  411.43 15074 6056.39 
  414.61 15052 6094.60 
  413.59 14986 6052.65 
  415.04 14899 6038.71 
  416.39 11186 4548.57 
  407.70 6638 2642.80 
  398.46 6879 2676.66 
  407.46 6776 2696.21 
  410.36 6492 2601.77 
  415.78 12657 5139.14 
  412.72 14939 6021.21 
  415.94 14979 6084.20 
  414.42 14955 6052.61 
  414.64 14996 6072.24 
  414.84 15207 6160.60 
  416.03 15067 6121.26 
              disk0 
    KB/t  tps  MB/s 
  413.36 15279 6167.68 
  410.44 10008 4011.26 
  414.98 6613 2679.99 
  414.04 6531 2640.87 
  414.20 6637 2684.51 
  418.71 6775 2770.45 
  416.41 6577 2674.62 
  410.85 6653 2669.48 
  412.94 6506 2623.66 
  416.00 6627 2692.33 
  415.82 6621 2688.53 
  415.63 6706 2722.04 
  417.53 9666 3941.45 
  412.41 14993 6038.53 
  415.55 14947 6065.74 
  414.75 15045 6093.61 
  412.55 15046 6061.63 
  415.78 14983 6083.69 
  415.58 14902 6047.76 
  418.17 14967 6112.17 
              disk0 
    KB/t  tps  MB/s 
  415.62 14924 6057.54 
  414.43 14937 6045.40 
  415.87 14997 6090.48 
  416.56 14928 6072.58 
  414.82 14939 6051.63 
  412.38 14982 6033.26 
  415.89 14989 6087.68 
  409.95 15088 6040.17 
  414.54 14954 6053.59 
  414.94 14990 6074.40 
  413.89 14947 6041.26 
  412.34 15035 6054.19 
  413.37 15005 6057.38 
  413.79 15004 6062.76 
  416.28 14958 6080.73 
  414.99 14926 6049.12 
  413.69 15077 6091.14 
  407.72 15176 6042.31 
  416.87 14901 6066.26 
  413.49 14956 6039.29 
              disk0 
    KB/t  tps  MB/s 
  405.77 15388 6097.44 
  413.42 14995 6053.90 
  416.37 14994 6096.92 
  417.66 14975 6107.76 
  415.13 14939 6056.30 
  416.97 14898 6066.43 
  413.21 14994 6050.59 
  412.17 15136 6092.21 
  411.68 14991 6026.79 
  411.02 15060 6044.98 
  410.55 15158 6077.38 
  415.27 15034 6096.75 
  415.05 15009 6083.44 
  413.92 15089 6099.37 
  416.15 14972 6084.53 
  413.94 15025 6073.87 
  416.22 15052 6118.00 
  411.89 15117 6080.49 
  409.73 15169 6069.46 
  414.92 14908 6040.52 
              disk0 
    KB/t  tps  MB/s 
  413.52 15070 6085.75 
  413.93 15000 6063.23 
  412.48 15088 6077.75 
  412.75 15132 6099.23 
  413.78 14971 6049.33 
  414.46 14946 6049.53 
  415.04 15078 6111.41 
  412.80 15004 6048.48 
  410.18 15198 6087.83 
  408.59 15206 6067.54 
  413.06 15007 6053.62 
  413.82 14950 6041.63 
  417.95 15010 6126.27 
  415.91 14930 6064.17 
  416.09 14939 6070.11 
  412.58 15121 6092.46 
  415.40 14995 6082.98 
  415.28 15017 6090.11 
  410.68 15199 6095.55 
  413.45 15016 6062.94 
              disk0 
    KB/t  tps  MB/s 
  415.28 15032 6095.95 
  416.82 15019 6113.63 
  415.41 14936 6058.97 
  414.69 15015 6080.46 
  413.01 15025 6059.85 
  414.62 15051 6094.22 
  415.78 15008 6093.92 
  413.99 15031 6076.96 
  414.95 15031 6091.13 
  413.24 15155 6115.63 
  413.82 15010 6065.71 
  413.23 15067 6080.14 
  415.88 14965 6077.72 
  416.99 15064 6134.12 
  413.65 15052 6080.32 
  416.26 15019 6105.08 
  413.20 15038 6067.93 
  414.85 14971 6065.22 
  414.92 14901 6037.56 
  409.24 15201 6075.08 
              disk0 
    KB/t  tps  MB/s 
  404.96 15352 6071.05 
  417.52 14952 6096.53 
  413.25 15156 6116.54 
  418.17 14906 6087.05 
  416.96 14963 6092.84 
  413.94 15086 6098.31 
  416.64 14883 6055.60 
  412.61 15057 6067.09 
  411.36 15191 6102.57 
  412.19 15136 6092.75 
  407.84 15226 6064.43 
  417.42 15091 6151.43 
  413.83 14878 6012.76 
  416.31 15010 6102.48 
  412.69 14987 6040.23 
  413.34 15174 6125.00 
  413.64 14981 6051.51 
  416.14 14941 6071.79 
  411.92 15082 6066.84 
  415.09 14984 6073.83 
              disk0 
    KB/t  tps  MB/s 
  408.97 15294 6108.22 
  414.96 15040 6094.77 
  414.91 14898 6036.56 
  416.22 14919 6063.97 
  415.87 15082 6125.07 
  416.21 14989 6092.18 
  412.71 14956 6027.97 
  414.25 14979 6059.83 
  418.60 14922 6099.86 
  413.90 14970 6050.74 
  412.26 15134 6093.13 
  413.59 14992 6055.44 
  415.03 14971 6067.60 
  416.74 14935 6078.04 
  413.08 15036 6065.67 
  414.86 14925 6046.70 
  415.83 15013 6096.51 
  415.12 14980 6072.64 
  414.38 15013 6075.49 
  408.90 15216 6076.07 
              disk0 
    KB/t  tps  MB/s 
  412.84 15066 6073.98 
  414.66 15061 6098.61 
  415.17 14994 6078.98 
  414.18 15053 6088.61 
  413.51 15015 6063.33 
  411.60 15077 6060.11 
  413.16 15110 6096.71 
  414.97 14940 6054.53 
  414.47 14964 6056.60 
  413.37 14972 6044.00 
  411.79 15146 6090.90 
  411.62 15063 6054.85 
  413.53 14984 6050.93 
  416.04 15046 6112.99 
  417.12 14847 6047.70 
  414.48 14995 6069.45 
  414.14 14915 6032.18 
  414.95 15022 6087.39 
  415.89 14928 6062.78 
  414.67 14936 6048.27 
              disk0 
    KB/t  tps  MB/s 
  400.49 15483 6055.55 
  413.56 15066 6084.68 
  412.68 14889 6000.65 
  412.87 15378 6200.45 
  413.41 15375 6207.25 
  415.73 15355 6233.74 
  414.66 13984 5662.61 
   16.00    2  0.03 
