              disk0 
    KB/t  tps  MB/s 
  372.36   78 28.37 
   64.14  664 41.60 
  411.12 11224 4506.39 
  406.77 15600 6197.02 
  410.95 15291 6136.51 
  406.10 15505 6149.01 
  407.01 15462 6145.68 
  404.14 15511 6121.56 
  408.14 15157 6041.19 
  406.70 15482 6149.04 
  409.82 15332 6136.19 
  402.84 15550 6117.22 
  397.71 15800 6136.67 
  404.78 15431 6099.70 
  407.30 15320 6093.73 
  404.78 15490 6123.21 
  406.83 15382 6111.14 
  399.76 15617 6096.65 
  404.91 15554 6150.22 
  409.67 15324 6130.60 
              disk0 
    KB/t  tps  MB/s 
  411.86 15244 6131.44 
  401.68 15641 6135.49 
  403.47 15596 6144.90 
  407.63 15407 6133.23 
  410.27 15338 6145.24 
  409.62 15329 6131.74 
  407.60 15440 6145.90 
  404.46 15599 6161.25 
  406.76 15448 6136.47 
  412.81 15157 6110.43 
  407.24 15444 6142.06 
  409.32 15255 6097.81 
  404.10 15497 6115.41 
  394.78 15882 6123.05 
  403.13 15600 6141.43 
  406.97 15382 6113.04 
  407.70 15482 6164.17 
  406.22 15458 6132.28 
  405.41 15587 6171.16 
  405.89 15547 6162.56 
              disk0 
    KB/t  tps  MB/s 
  414.50 15179 6144.21 
  401.77 15555 6102.87 
  407.51 15436 6142.83 
  406.20 15484 6142.19 
  402.94 15603 6139.74 
  404.35 15527 6131.10 
  410.36 15292 6128.07 
  409.26 15410 6158.70 
  407.60 15458 6152.88 
  403.47 15509 6110.75 
  405.33 15498 6134.84 
  405.57 15586 6173.11 
  402.61 15667 6159.82 
  409.04 15314 6117.14 
  391.38 15981 6108.28 
  401.38 15643 6131.50 
  411.48 15249 6127.72 
  406.45 15545 6170.22 
  407.27 15147 6024.50 
  404.34 15495 6118.29 
              disk0 
    KB/t  tps  MB/s 
  404.27 15579 6150.70 
  409.60 15331 6132.25 
  411.09 15249 6121.85 
  401.32 15711 6157.36 
  408.53 15342 6120.75 
  398.61 15641 6088.59 
  404.11 15592 6153.03 
  408.01 15390 6132.14 
  410.51 15149 6072.88 
  409.01 15370 6139.17 
  401.53 15586 6111.51 
  404.33 15490 6116.18 
  401.89 15563 6107.96 
  407.79 15370 6120.85 
  408.57 15395 6142.49 
  402.38 15666 6155.85 
  400.70 15604 6105.96 
  406.77 15426 6127.91 
  409.11 15364 6138.40 
  407.63 11558 4601.02 
              disk0 
    KB/t  tps  MB/s 
  405.23 7459 2951.89 
  407.07 7486 2975.95 
  405.98 10724 4251.54 
  403.81 15896 6268.64 
  403.18 15902 6261.19 
  405.81 15880 6293.38 
  401.60 16036 6289.32 
  407.60 15729 6261.05 
  410.17 15766 6315.06 
  408.19 15699 6257.81 
  407.59 15743 6266.48 
  405.44 15847 6274.33 
  407.29 15740 6260.56 
  412.69 15652 6308.27 
  410.36 15659 6275.20 
  401.92 15998 6279.30 
  403.62 15929 6278.58 
  399.10 16078 6266.44 
  407.08 15777 6271.88 
  413.90 15624 6315.31 
              disk0 
    KB/t  tps  MB/s 
  411.00 15633 6274.57 
  407.47 15824 6296.60 
  401.99 15940 6257.59 
  407.35 15774 6274.99 
  410.93 15729 6312.09 
  412.55 15546 6263.12 
  390.51 16394 6252.11 
  393.95 16333 6283.41 
  406.66 15723 6243.90 
  408.05 15693 6253.65 
  407.20 15811 6287.48 
  399.29 16098 6277.05 
  411.18 15564 6249.65 
  403.75 15850 6249.45 
  413.18 15562 6279.38 
  407.27 15737 6258.83 
  403.98 15941 6288.90 
  405.53 15815 6263.07 
  397.54 16227 6299.52 
  402.72 16005 6294.50 
              disk0 
    KB/t  tps  MB/s 
  381.89 16783 6259.02 
  387.25 16570 6266.22 
  391.45 16445 6286.56 
  385.56 16634 6263.10 
  390.79 16527 6307.32 
  393.32 16371 6287.97 
  393.30 16262 6245.84 
  390.77 16459 6280.82 
  384.20 16583 6221.93 
  391.65 16461 6295.84 
  384.14 16574 6217.56 
  379.49 16825 6235.32 
  388.12 16569 6279.97 
  394.08 16367 6298.77 
  387.91 16570 6277.04 
  389.87 16475 6272.65 
  392.24 16474 6310.50 
  388.75 16547 6282.04 
  390.94 16444 6278.12 
  388.69 16589 6296.77 
              disk0 
    KB/t  tps  MB/s 
  391.10 16429 6274.69 
  386.38 16647 6281.41 
  389.26 16495 6270.24 
  392.31 16348 6263.10 
  386.81 16571 6259.66 
  394.38 16287 6272.71 
  391.51 16430 6281.75 
  387.17 16530 6249.77 
  393.36 16378 6291.51 
  390.01 16550 6303.41 
  384.82 16720 6283.29 
  393.20 16312 6263.69 
  392.60 16418 6294.85 
  395.17 16341 6306.08 
  393.43 16336 6276.38 
  394.61 16263 6267.04 
  403.91 15845 6249.96 
  414.00 15626 6317.31 
  402.32 15905 6249.04 
  408.46 15770 6290.48 
              disk0 
    KB/t  tps  MB/s 
  408.52 15766 6289.59 
  403.88 15876 6261.73 
  405.91 15737 6238.10 
  404.15 15863 6260.57 
  405.83 15839 6277.12 
  395.53 16218 6264.30 
  400.99 16031 6277.37 
  406.90 15814 6283.98 
  405.93 15889 6298.59 
  409.26 15751 6295.16 
  402.79 15865 6240.55 
  405.97 15824 6273.40 
  407.21 15736 6257.68 
  408.96 15681 6262.47 
  409.63 15720 6288.45 
  409.10 15744 6290.02 
  397.97 15990 6214.61 
  403.18 15932 6273.05 
  407.91 15679 6245.63 
  405.19 15816 6258.06 
              disk0 
    KB/t  tps  MB/s 
  404.88 15885 6280.71 
  410.61 15511 6219.60 
  402.86 15986 6289.38 
  402.86 15937 6269.72 
  412.70 15631 6299.84 
  406.27 15804 6270.09 
  401.01 16047 6284.07 
  406.16 15903 6307.71 
  410.38 15643 6269.14 
  409.55 15757 6301.96 
  411.74 15680 6304.94 
  399.47 16005 6243.68 
  402.39 15936 6262.33 
  402.88 15949 6274.71 
  409.90 15651 6264.81 
  411.25 15647 6283.89 
  409.21 15705 6276.19 
  405.70 15807 6262.72 
  409.36 15692 6272.96 
  410.75 15660 6281.64 
              disk0 
    KB/t  tps  MB/s 
  404.92 15817 6254.61 
  410.75 15674 6287.34 
  405.89 15897 6301.04 
  403.12 15954 6280.57 
  411.08 15626 6272.97 
  406.10 15834 6279.62 
  406.90 15807 6281.33 
  407.56 15744 6266.36 
  401.30 16032 6282.84 
  408.36 15687 6255.70 
  409.69 15705 6283.28 
  411.05 15599 6261.63 
  410.06 15668 6274.30 
  404.07 15903 6275.31 
  398.31 16096 6261.13 
  408.71 15782 6299.29 
  407.80 15726 6262.74 
  406.96 15775 6269.19 
  400.61 16079 6290.21 
  407.50 15755 6269.57 
              disk0 
    KB/t  tps  MB/s 
  405.06 15847 6268.78 
  402.56 15881 6243.13 
  408.77 15738 6282.41 
  404.57 15871 6270.46 
  396.83 16159 6261.98 
  402.47 15911 6253.79 
  405.86 15808 6265.33 
  412.35 15621 6290.34 
  406.88 15786 6272.36 
  399.23 16040 6253.55 
  402.06 15856 6225.54 
  404.48 15793 6238.33 
  405.75 15841 6276.89 
  410.24 15692 6286.73 
  401.74 15940 6253.78 
  410.21 15667 6276.21 
  407.23 15748 6262.67 
  406.24 15825 6277.88 
  412.84 15577 6280.02 
  411.04 15640 6277.89 
              disk0 
    KB/t  tps  MB/s 
  402.46 16001 6288.92 
  412.63 15572 6274.98 
  407.94 15774 6283.89 
  412.11 15590 6274.22 
  407.93 15759 6277.82 
  407.41 15803 6287.42 
  407.71 15792 6287.76 
  408.90 15664 6254.90 
  404.28 15860 6261.48 
  408.88 15684 6262.59 
  404.72 15787 6239.64 
  406.27 15783 6261.76 
  400.58 16104 6299.64 
  413.45 15594 6296.12 
  410.50 15715 6300.01 
  405.41 15886 6289.47 
  404.50 15938 6295.90 
  400.26 16060 6277.62 
  409.64 15723 6289.80 
  404.67 15906 6285.97 
              disk0 
    KB/t  tps  MB/s 
  401.25 15980 6261.51 
  396.16 16247 6285.66 
  408.53 15753 6284.57 
  407.26 15771 6272.22 
  405.64 15811 6263.10 
  408.00 15771 6283.77 
  398.71 16119 6276.31 
  405.90 15841 6279.19 
  411.58 15706 6312.90 
  408.29 15656 6242.27 
  411.39 15687 6302.17 
  405.82 15833 6274.67 
  404.56 15951 6302.03 
  414.75 15529 6289.81 
  405.11 15952 6310.89 
  406.60 15811 6278.15 
  403.83 15897 6269.20 
  400.16 15993 6249.84 
  407.69 15827 6301.37 
  408.41 15734 6275.53 
              disk0 
    KB/t  tps  MB/s 
  408.91 15675 6259.47 
  412.46 15583 6276.59 
  393.26 16262 6245.40 
  405.67 15875 6288.94 
  405.65 15898 6297.98 
  399.12 16056 6258.05 
  404.77 15830 6257.28 
  400.40 15994 6253.75 
  405.26 15888 6287.98 
  405.95 15757 6246.57 
  399.98 16016 6255.91 
  406.33 15779 6261.34 
  408.04 15706 6258.37 
  403.63 15904 6268.91 
  411.45 15638 6283.34 
  397.72 16101 6253.64 
  408.53 15723 6272.82 
  400.82 16019 6270.26 
  403.79 15958 6292.44 
  403.55 15907 6268.81 
              disk0 
    KB/t  tps  MB/s 
  408.22 15725 6268.84 
  405.38 15835 6268.71 
  405.84 15926 6311.92 
  406.64 15778 6265.73 
  401.57 16026 6284.55 
  409.37 15768 6303.77 
  405.10 15848 6269.57 
  412.25 15519 6247.92 
  410.74 15665 6283.39 
  400.18 16007 6255.60 
  409.37 15678 6267.41 
  404.92 15847 6266.36 
  400.14 15981 6244.77 
  405.37 15867 6281.31 
  401.01 16115 6310.91 
  409.87 15705 6285.97 
  414.81 15509 6282.52 
  402.93 15993 6293.08 
  408.15 15814 6303.15 
  407.74 15729 6263.18 
              disk0 
    KB/t  tps  MB/s 
  408.68 15748 6285.21 
  403.04 15934 6271.62 
  404.68 15850 6263.98 
  405.82 15736 6236.37 
  401.09 15904 6229.53 
  404.90 15815 6253.54 
  411.45 15536 6242.42 
  410.65 15681 6288.68 
  404.28 15949 6296.81 
  403.85 15953 6291.75 
  401.31 15983 6263.96 
  409.11 15800 6312.63 
  405.70 15823 6268.94 
  412.51 15602 6285.14 
  409.76 15489 6197.82 
  400.74 15741 6160.09 
  401.34 15716 6159.58 
  407.08 15420 6129.98 
  406.44 15447 6130.94 
  410.70 15453 6197.71 
              disk0 
    KB/t  tps  MB/s 
  401.99 15492 6081.79 
  397.59 15689 6091.46 
  412.38 15279 6153.10 
  404.42 15512 6126.41 
  405.85 15437 6118.27 
  409.47 15382 6150.81 
  400.19 15650 6116.22 
  405.12 15484 6126.03 
  404.16 15527 6128.39 
  402.55 15580 6124.71 
  404.88 15501 6128.79 
  404.99 15608 6173.09 
  411.46 15237 6122.57 
  404.01 15496 6113.75 
  411.44 15294 6144.92 
  406.62 15404 6116.69 
  407.94 15390 6131.24 
  397.38 15800 6131.46 
  403.58 15549 6128.41 
  406.54 15322 6083.18 
              disk0 
    KB/t  tps  MB/s 
  406.65 15511 6159.76 
  409.63 15278 6111.67 
  405.35 15407 6099.04 
  409.20 15406 6156.25 
  404.57 15527 6134.51 
  406.08 15455 6128.84 
  406.21 15461 6133.20 
  406.02 15446 6124.34 
  405.94 15556 6166.89 
  414.90 15188 6153.58 
  402.68 15512 6100.11 
  405.01 15448 6110.00 
  401.25 15644 6130.15 
  406.67 15501 6156.03 
  405.09 15617 6177.93 
  414.70 15047 6093.91 
  406.32 15452 6131.30 
  407.68 15477 6161.54 
  408.28 15424 6149.53 
  402.25 15532 6101.29 
              disk0 
    KB/t  tps  MB/s 
  407.78 15495 6170.40 
  410.60 15323 6144.41 
  413.58 15207 6141.98 
  404.34 15627 6170.49 
  408.32 15322 6109.50 
  408.86 15339 6124.59 
  404.43 15563 6146.70 
  409.58 15319 6127.10 
  404.38 15466 6107.77 
  403.48 15576 6137.35 
  408.47 15329 6114.74 
  409.71 15380 6153.82 
  409.80 15417 6169.92 
  407.78 15440 6148.53 
  399.84 15664 6116.24 
  408.61 15416 6151.70 
  406.27 15300 6070.46 
  410.52 15310 6138.00 
  406.55 15537 6168.66 
  402.66 15561 6118.82 
              disk0 
    KB/t  tps  MB/s 
  406.85 15381 6111.06 
  408.02 15427 6147.02 
  412.09 15251 6137.42 
  405.73 15390 6097.71 
  409.14 15438 6168.25 
  413.48 15166 6123.75 
  410.38 15366 6158.19 
  407.71 15459 6155.16 
  408.36 15393 6138.53 
  401.40 15707 6157.10 
  403.61 15496 6107.90 
  406.59 15509 6158.11 
  402.88 15617 6144.24 
  402.28 15548 6108.13 
  409.63 15384 6153.85 
  406.16 15546 6166.11 
  404.60 15563 6149.21 
  406.65 15395 6113.66 
  409.84 15396 6162.11 
  408.19 15279 6090.67 
              disk0 
    KB/t  tps  MB/s 
  405.52 15503 6139.33 
  402.69 15661 6158.97 
  402.80 15536 6111.18 
  409.29 15357 6138.04 
  405.81 15506 6145.17 
  403.17 15508 6105.83 
  406.91 15250 6059.91 
  408.33 15447 6159.59 
  402.29 15615 6134.43 
  416.15 12311 5003.38 
  405.83 7424 2942.12 
  404.20 7686 3033.87 
  399.58 16068 6270.00 
  408.02 15322 6105.04 
  407.10 15496 6160.43 
  404.51 15615 6168.34 
  408.01 15436 6150.65 
  408.69 15231 6078.92 
  408.88 15461 6173.48 
  406.85 15419 6126.11 
              disk0 
    KB/t  tps  MB/s 
  405.54 15401 6099.08 
  400.97 15681 6140.36 
  406.52 15619 6200.54 
  407.76 15336 6106.95 
  413.50 15115 6103.39 
  402.91 15643 6155.03 
  406.56 15453 6135.41 
  404.77 15478 6118.16 
  410.21 15309 6132.62 
  415.53 15089 6122.94 
  405.81 15431 6115.35 
  410.10 15459 6190.93 
  403.28 15517 6111.12 
  405.26 15394 6092.24 
  408.50 15489 6178.95 
  408.37 15315 6107.71 
  408.91 15264 6095.32 
  399.05 15628 6090.15 
  412.21 15257 6141.81 
  402.98 15557 6122.24 
              disk0 
    KB/t  tps  MB/s 
  401.52 15691 6152.78 
  407.38 15340 6102.69 
  402.49 15622 6140.23 
  406.71 15506 6158.71 
  403.43 15565 6131.97 
  407.08 15412 6127.05 
  404.03 15569 6143.04 
  410.36 15279 6122.78 
  395.23 15812 6103.04 
  398.65 15832 6163.69 
  402.68 15561 6119.33 
  408.71 15393 6143.67 
  405.26 15585 6167.97 
  405.47 15474 6127.32 
  405.81 15587 6177.22 
  408.86 15380 6140.74 
  407.05 15454 6143.12 
  407.83 15471 6161.58 
  399.71 15613 6094.63 
  407.37 15439 6142.11 
              disk0 
    KB/t  tps  MB/s 
  407.35 15483 6159.12 
  409.00 15383 6144.22 
  408.35 15405 6143.27 
  410.13 15412 6172.79 
  408.59 15395 6142.69 
  403.02 15493 6097.60 
  405.40 15567 6162.83 
  404.99 15490 6126.26 
  406.66 15487 6150.15 
  408.08 15430 6149.20 
  410.37 15467 6198.50 
  406.49 15513 6158.22 
  399.99 15855 6193.15 
  402.90 15518 6105.75 
  400.45 15684 6133.37 
  407.56 15452 6150.19 
  407.60 15353 6111.15 
  405.61 15432 6112.52 
  408.62 15340 6121.45 
  403.57 15594 6145.73 
              disk0 
    KB/t  tps  MB/s 
  403.29 15510 6108.24 
  405.59 15542 6155.84 
  408.56 15393 6141.72 
  402.84 15620 6144.98 
  411.63 15366 6176.85 
  401.58 15607 6120.56 
  403.40 15516 6112.36 
  407.00 15483 6154.05 
  405.76 15522 6150.78 
  409.88 15345 6142.27 
  406.67 15519 6163.35 
  404.78 15565 6152.65 
  408.27 15392 6136.67 
  405.34 15548 6154.37 
  408.24 15452 6160.04 
  404.10 15467 6103.60 
  402.93 15611 6142.90 
  407.32 15355 6107.65 
  406.24 15469 6136.88 
  405.46 15369 6085.39 
              disk0 
    KB/t  tps  MB/s 
  408.08 15484 6170.45 
  407.16 15534 6176.45 
  405.96 15464 6130.70 
  406.27 15541 6165.93 
  412.72 15210 6130.12 
  413.60 15170 6127.06 
  400.51 15857 6202.22 
  405.95 15489 6140.18 
  402.09 15615 6131.28 
  410.02 7758 3106.46 
  415.95 7314 2970.80 
  408.10 13149 5240.47 
  406.52 15835 6286.53 
  410.55 15562 6239.15 
  402.40 15978 6278.83 
  402.52 15965 6275.53 
  404.82 15863 6271.01 
  407.27 15847 6302.70 
  404.08 15916 6280.73 
  404.75 15864 6270.28 
              disk0 
    KB/t  tps  MB/s 
  411.40 15660 6291.52 
  407.25 15703 6245.16 
  405.78 15777 6252.10 
  405.48 15906 6298.51 
  409.80 15634 6256.68 
  412.32 15587 6276.30 
  411.75 15533 6245.79 
  404.47 15874 6269.92 
  410.91 15678 6291.02 
  407.77 15842 6308.39 
  405.43 15822 6264.30 
  405.11 15877 6281.05 
  400.81 16036 6276.80 
  399.52 16015 6248.26 
  404.16 15825 6246.05 
  407.77 15714 6257.60 
  408.91 15766 6295.63 
  410.35 15617 6258.08 
  403.05 15973 6287.10 
  406.28 15850 6288.79 
              disk0 
    KB/t  tps  MB/s 
  413.97 15546 6284.70 
  403.70 15951 6288.35 
  408.92 15714 6275.03 
  399.16 16101 6276.44 
  403.62 16007 6309.34 
  404.74 15874 6274.43 
  403.32 15873 6251.68 
  406.76 15743 6253.42 
  402.43 15916 6255.00 
  406.47 15748 6251.11 
  408.22 15790 6294.76 
  404.16 15617 6164.06 
  406.20 15394 6106.33 
  406.51 15438 6128.56 
  407.57 15400 6129.41 
  402.09 15656 6147.71 
  402.72 15521 6104.01 
  409.21 15339 6129.74 
  410.26 15334 6143.69 
  401.65 15649 6138.23 
              disk0 
    KB/t  tps  MB/s 
  408.79 15345 6126.02 
  412.99 15161 6114.54 
  405.17 15567 6159.31 
  408.08 15332 6109.99 
  400.89 15588 6102.75 
  410.85 15305 6140.67 
  403.45 15613 6151.29 
  411.01 15080 6052.68 
  406.08 15403 6108.18 
  407.40 15458 6150.04 
  399.59 15632 6100.03 
  406.82 15437 6132.67 
  407.69 15342 6108.30 
  407.26 15422 6133.36 
  404.26 15443 6096.89 
  403.20 15515 6108.98 
  402.96 15589 6134.51 
  408.87 15334 6122.46 
  405.18 15381 6085.97 
  406.64 15501 6155.61 
              disk0 
    KB/t  tps  MB/s 
  401.00 15654 6130.11 
  410.75 15236 6111.52 
  407.25 15423 6133.99 
  405.92 15443 6121.68 
  408.91 15429 6161.29 
  403.86 15576 6143.08 
  409.10 15387 6147.16 
  412.60 15275 6154.62 
  411.45 15250 6127.56 
  399.00 15685 6111.56 
  402.12 15733 6178.12 
  404.35 15434 6094.39 
  411.46 11118 4467.34 
  386.14 7592 2862.83 
  403.91 7563 2983.30 
  404.28 7348 2901.07 
  409.66 7889 3156.30 
  404.82 15894 6283.35 
  405.49 15841 6272.74 
  406.08 15850 6285.64 
              disk0 
    KB/t  tps  MB/s 
  403.82 15927 6280.92 
  404.74 15778 6236.11 
  408.20 15807 6301.00 
  411.98 15659 6300.04 
  408.25 15756 6281.83 
  402.13 15989 6278.89 
  404.01 15943 6290.27 
  411.39 15640 6283.38 
  412.19 15497 6237.85 
  406.40 15813 6275.71 
  407.22 15777 6274.08 
  403.13 15856 6242.18 
  407.21 15824 6292.73 
  405.00 15847 6267.42 
  407.84 15752 6273.63 
  405.23 15809 6256.09 
  403.34 15902 6263.69 
  404.86 15778 6238.23 
  408.17 15762 6282.86 
  413.16 15480 6245.71 
              disk0 
    KB/t  tps  MB/s 
  400.58 16021 6267.04 
  405.97 15776 6254.68 
  406.64 15784 6267.85 
  409.96 15708 6288.87 
  404.93 15901 6287.78 
  416.06 15521 6306.21 
  401.15 15937 6243.07 
  395.71 16228 6271.25 
  399.01 16091 6269.94 
  409.83 15725 6293.53 
  410.65 15660 6280.16 
  409.10 15703 6273.65 
  404.68 15868 6270.76 
  411.15 15614 6269.29 
  408.42 15832 6314.75 
  409.78 15750 6302.83 
  408.89 15728 6280.19 
  404.12 15877 6265.71 
  400.07 16044 6268.31 
  388.13 16552 6273.96 
              disk0 
    KB/t  tps  MB/s 
  411.09 15637 6277.41 
  407.31 15812 6289.23 
  408.28 15756 6281.83 
  403.89 15955 6293.20 
  400.82 16022 6271.51 
  409.00 15720 6278.66 
  406.97 15823 6288.36 
  409.81 15714 6288.67 
  406.13 15762 6251.28 
  407.38 15848 6304.87 
  405.83 15829 6273.16 
  404.88 15869 6274.53 
  406.18 15846 6285.59 
  403.11 16021 6306.73 
  405.59 15818 6265.37 
  407.39 15748 6265.26 
  401.82 15989 6274.09 
  409.51 15617 6245.67 
  402.62 15958 6274.25 
  406.18 15790 6263.30 
              disk0 
    KB/t  tps  MB/s 
  408.21 15704 6260.44 
  406.34 15862 6294.34 
  404.92 15852 6268.17 
  407.25 15717 6250.75 
  401.24 16050 6288.87 
  406.53 15785 6266.61 
  407.54 15759 6271.83 
  409.51 15781 6311.06 
  401.26 16019 6277.17 
  402.37 16006 6289.35 
  402.79 15928 6265.21 
  400.31 16026 6264.78 
  408.96 15694 6267.84 
  407.42 15760 6270.38 
  402.56 15834 6224.71 
  412.92 15536 6264.82 
  403.65 15911 6272.03 
  406.90 15801 6278.76 
  406.70 15762 6260.02 
  408.46 15652 6243.58 
              disk0 
    KB/t  tps  MB/s 
  400.40 16054 6277.56 
  404.53 15965 6306.94 
  407.13 15785 6276.00 
  407.30 15696 6243.29 
  405.51 15933 6309.75 
  405.64 15804 6260.41 
  407.96 15783 6288.00 
  403.63 15967 6293.59 
  410.27 15686 6284.86 
  413.92 15434 6238.70 
  403.05 15952 6278.84 
  400.80 16033 6275.32 
  406.94 15729 6250.57 
  405.63 15794 6256.50 
  405.42 15870 6283.19 
  408.49 15650 6243.12 
  399.30 16054 6260.02 
  403.42 15979 6295.16 
  408.98 15706 6273.05 
  410.32 15626 6261.32 
              disk0 
    KB/t  tps  MB/s 
  411.85 15644 6292.10 
  399.59 16081 6275.03 
  408.28 15719 6267.38 
  402.62 15914 6257.34 
  406.16 15781 6259.45 
  403.89 15944 6288.64 
  404.48 15769 6228.65 
  403.36 15933 6276.09 
  406.27 15797 6267.22 
  410.58 15667 6281.98 
  399.46 15986 6236.33 
  409.97 15752 6306.36 
  402.26 15964 6271.27 
  403.17 15937 6274.72 
  407.01 15729 6252.06 
  408.72 15758 6289.43 
  410.89 15622 6268.33 
  407.82 15722 6261.44 
  411.24 15687 6300.11 
  412.00 15671 6305.26 
              disk0 
    KB/t  tps  MB/s 
  403.18 15860 6244.72 
  410.17 15640 6264.77 
  400.31 16072 6282.99 
  405.78 15767 6247.74 
  410.17 15719 6296.41 
  411.97 15670 6304.19 
  406.12 15869 6293.52 
  405.51 15863 6281.77 
  403.99 15924 6282.30 
  405.74 15820 6268.19 
  409.93 15714 6290.44 
  412.65 15622 6295.34 
  409.90 15720 6292.47 
  403.76 15885 6263.51 
  410.20 15655 6271.38 
  407.00 15652 6220.88 
  404.79 15884 6279.03 
  407.68 15822 6299.03 
  407.33 15738 6260.31 
  409.44 15633 6250.70 
              disk0 
    KB/t  tps  MB/s 
  406.52 15827 6283.37 
  413.94 15554 6287.29 
  407.53 15848 6307.13 
  399.96 16041 6265.44 
  408.31 15767 6287.14 
  398.40 16105 6265.71 
  405.62 15775 6248.81 
  402.60 15910 6255.19 
  402.36 15962 6271.96 
  398.61 16035 6241.95 
  408.62 15732 6277.80 
  405.27 15818 6260.45 
  406.67 15821 6282.98 
  406.00 15760 6248.68 
  405.21 15833 6265.08 
  406.51 15774 6261.88 
  412.65 15567 6273.04 
  403.45 15999 6303.65 
  408.36 15642 6237.94 
  406.49 15803 6273.03 
              disk0 
    KB/t  tps  MB/s 
  409.07 15756 6294.01 
  403.43 15864 6249.99 
  405.44 15852 6276.41 
  404.55 15908 6284.56 
  403.32 15870 6250.93 
  406.26 15732 6241.41 
  412.68 15594 6284.44 
  414.22 15546 6288.42 
  403.87 15803 6232.52 
  408.19 15732 6271.11 
  402.71 15870 6241.16 
  408.89 15676 6259.49 
  411.31 15620 6274.17 
  401.08 15970 6255.26 
  404.23 15759 6220.76 
  402.67 15991 6288.35 
  410.88 15719 6307.09 
  409.39 15707 6279.55 
  410.62 15752 6316.69 
  411.57 15582 6262.87 
              disk0 
    KB/t  tps  MB/s 
  403.69 15896 6266.58 
  403.01 15987 6292.18 
  407.78 15812 6296.55 
  401.84 15881 6231.89 
  405.84 15865 6287.73 
  408.99 15691 6266.87 
  405.63 15863 6283.64 
  404.72 15916 6290.42 
  406.69 15720 6243.42 
  408.39 15732 6274.19 
  403.46 15896 6263.11 
  398.35 16085 6257.37 
  408.21 15706 6261.16 
  404.30 15861 6262.23 
  407.32 15771 6273.43 
  406.04 15784 6258.59 
  402.18 15946 6262.85 
  404.25 15809 6241.05 
  405.28 15883 6286.34 
  403.31 15941 6278.71 
              disk0 
    KB/t  tps  MB/s 
  404.15 15823 6244.95 
  400.70 16003 6262.10 
  409.60 15697 6278.65 
  404.73 15778 6236.02 
  409.59 15628 6250.98 
  407.16 15800 6282.27 
  404.22 15791 6233.40 
  406.18 15850 6286.97 
  403.90 15923 6280.55 
  411.28 15640 6281.79 
  407.30 15695 6242.67 
  412.30 15646 6299.76 
  403.00 15949 6276.73 
  408.13 15757 6280.03 
  403.51 15903 6266.83 
  408.44 15802 6302.85 
  404.36 15855 6261.14 
  400.91 15994 6261.80 
  407.83 15790 6288.60 
  403.57 15855 6248.75 
              disk0 
    KB/t  tps  MB/s 
  406.03 15716 6231.47 
  408.94 15766 6296.30 
  403.58 15936 6280.73 
  407.26 15746 6262.63 
  406.10 15800 6266.05 
  408.74 15633 6239.94 
  407.28 15699 6244.05 
  399.70 15934 6219.52 
  397.51 16096 6248.46 
  406.72 15818 6282.85 
  404.60 15862 6267.47 
  399.85 15916 6214.93 
  400.32 16046 6273.09 
  402.44 16012 6293.05 
  401.24 16035 6283.16 
  402.17 16001 6284.15 
  405.96 15763 6249.27 
  404.76 15868 6272.35 
  403.15 15986 6293.78 
  406.81 15773 6266.22 
              disk0 
    KB/t  tps  MB/s 
  412.51 15641 6300.88 
  403.97 15941 6288.72 
  402.46 15953 6269.83 
  390.74 16427 6268.26 
  400.69 15992 6257.77 
  406.88 15760 6262.19 
  412.39 15566 6268.70 
  407.37 15808 6288.79 
  412.11 15561 6262.66 
  401.98 15936 6255.87 
  406.84 15789 6273.09 
  407.06 15768 6268.26 
  406.35 15846 6288.13 
  404.35 15894 6276.22 
  407.80 15719 6260.08 
  407.95 15749 6274.45 
  407.97 15743 6271.94 
  405.31 15724 6223.84 
  405.36 15808 6257.67 
  401.63 16000 6275.52 
              disk0 
    KB/t  tps  MB/s 
  402.41 15921 6256.76 
  409.63 15774 6309.97 
  404.65 15914 6288.81 
  406.12 15835 6280.14 
  412.23 15632 6293.11 
  407.46 15798 6286.24 
  398.64 16012 6233.54 
  408.63 15631 6237.52 
  409.41 15684 6270.71 
  405.79 15833 6274.47 
  407.60 15779 6280.63 
  405.20 15858 6275.21 
  409.69 15656 6263.57 
  403.93 15833 6245.65 
  404.12 15894 6272.42 
  404.87 15918 6293.46 
  403.71 15971 6296.51 
  403.83 15878 6261.54 
  409.08 15717 6279.01 
  412.94 15566 6277.20 
              disk0 
    KB/t  tps  MB/s 
  402.16 15952 6264.77 
  403.35 16001 6302.65 
  405.30 15853 6274.64 
  409.30 15703 6276.62 
  409.10 15677 6263.27 
  402.67 15819 6220.67 
  407.69 15743 6267.87 
  408.08 15769 6284.28 
  407.35 15778 6276.34 
  407.53 15782 6281.07 
  403.56 15972 6294.53 
  401.67 15932 6249.36 
  403.28 15888 6257.32 
  409.71 15667 6268.61 
  395.09 16228 6261.30 
  407.46 15736 6261.45 
  411.07 15643 6279.67 
  404.83 15774 6236.06 
  410.86 15722 6307.96 
  403.95 15867 6259.18 
              disk0 
    KB/t  tps  MB/s 
  408.78 15654 6249.06 
  399.33 16119 6285.86 
  401.49 15946 6251.95 
  407.24 15858 6306.75 
  409.30 15751 6295.53 
  400.98 15971 6253.93 
  405.62 15812 6263.50 
  406.83 15821 6285.73 
  407.82 15800 6292.36 
  406.90 15802 6279.26 
  402.27 15985 6279.81 
  405.59 15833 6270.97 
  402.12 15964 6268.75 
  404.51 15895 6279.07 
  404.80 15904 6286.89 
  411.85 15554 6255.66 
  409.70 15697 6280.25 
  401.49 15968 6260.96 
  401.27 16044 6286.84 
  412.86 15588 6284.99 
              disk0 
    KB/t  tps  MB/s 
  409.57 15693 6276.59 
  406.95 15768 6266.51 
  408.67 15766 6292.16 
  404.06 15878 6265.24 
  411.38 15621 6275.62 
  411.38 15682 6300.04 
  404.93 15871 6276.12 
  408.25 15827 6309.83 
  404.50 15919 6288.25 
  406.66 15819 6282.09 
  405.84 15825 6271.98 
  407.22 15709 6247.05 
  408.50 15714 6268.67 
  405.52 15841 6273.32 
  404.51 15896 6279.35 
  412.22 15508 6242.80 
  407.23 15732 6256.46 
  407.20 15661 6227.57 
  403.93 15874 6261.85 
  390.61 16393 6253.36 
              disk0 
    KB/t  tps  MB/s 
  405.09 15843 6267.60 
  411.48 15614 6274.36 
  409.10 15822 6320.93 
  407.52 15836 6302.12 
  406.48 15864 6297.20 
  408.72 15705 6268.64 
  410.74 15662 6282.29 
  402.97 15870 6245.28 
  405.98 15835 6278.06 
  410.64 15636 6270.28 
  401.84 16066 6304.52 
  407.82 15704 6254.13 
  406.96 15784 6273.04 
  405.20 15860 6275.68 
  398.84 16098 6270.12 
  403.57 15938 6281.45 
  411.10 15759 6326.67 
  405.63 15798 6257.85 
  412.06 15563 6262.63 
  406.27 15774 6258.13 
              disk0 
    KB/t  tps  MB/s 
  401.45 16039 6288.04 
  407.64 15693 6247.16 
  407.94 15811 6298.85 
  404.76 15898 6283.92 
  406.53 15815 6278.60 
  403.16 15927 6270.76 
  400.68 16050 6279.96 
  403.82 15813 6236.14 
  405.09 15860 6274.04 
  410.95 15608 6263.81 
  408.56 15607 6227.03 
  404.54 15905 6283.45 
  405.43 15842 6272.49 
  410.80 15615 6264.26 
  409.58 15682 6272.33 
  409.45 15789 6313.16 
  394.44 16137 6215.92 
  403.36 15860 6247.35 
  403.56 15870 6254.61 
  403.30 15908 6265.24 
              disk0 
    KB/t  tps  MB/s 
  406.87 15735 6252.01 
  406.17 15678 6218.61 
  403.17 15927 6270.94 
  404.96 15839 6263.82 
  405.92 15887 6297.89 
  400.76 15948 6241.35 
  410.56 15695 6292.52 
  404.36 15759 6223.12 
  406.07 15781 6258.13 
  405.14 15847 6269.78 
  411.73 15621 6280.94 
  411.24 15664 6290.80 
  390.60 16389 6251.50 
  407.31 15781 6277.11 
  407.72 15766 6277.55 
  403.78 15847 6248.62 
  410.75 15590 6253.70 
  406.72 15838 6290.63 
  400.58 16071 6286.71 
  406.60 15851 6293.88 
              disk0 
    KB/t  tps  MB/s 
  405.06 15889 6285.16 
  405.49 15782 6249.30 
  405.20 15835 6265.81 
  404.26 15897 6276.04 
  405.98 15754 6245.97 
  413.89 15510 6269.07 
  406.15 15787 6261.81 
  410.02 15661 6270.79 
  404.26 15907 6279.97 
  411.22 15675 6294.72 
  407.03 15830 6292.19 
  403.56 15812 6231.40 
  406.93 15888 6313.70 
  404.28 15879 6269.09 
  394.25 16281 6268.35 
  407.30 15737 6259.42 
  403.13 15923 6268.69 
  403.95 15699 6193.17 
  401.27 15924 6240.25 
  396.89 16222 6287.53 
              disk0 
    KB/t  tps  MB/s 
  410.79 15643 6275.44 
  403.51 15993 6302.12 
  400.85 16055 6284.85 
  405.98 15804 6265.82 
  408.51 15704 6265.10 
  407.55 15796 6286.84 
  409.23 15618 6241.50 
  404.37 15909 6282.18 
  405.55 15772 6246.46 
  406.23 15839 6283.59 
  404.49 15908 6283.68 
  400.69 16012 6265.64 
  408.23 15776 6289.41 
  409.10 15686 6266.96 
  407.41 15834 6299.78 
  401.21 16076 6298.52 
  398.49 16008 6229.46 
  406.44 15803 6272.52 
  407.36 15798 6284.76 
  410.01 15721 6294.71 
              disk0 
    KB/t  tps  MB/s 
  403.96 15634 6167.49 
  405.86 15516 6149.69 
  404.76 15562 6151.10 
  408.87 15466 6175.53 
  408.55 15393 6141.30 
  400.66 15665 6129.37 
  404.57 15549 6143.39 
  406.99 15402 6121.66 
  406.50 15501 6153.30 
  404.94 15467 6116.29 
  406.50 15491 6149.41 
  403.10 15668 6167.89 
  396.68 15696 6080.23 
  405.34 15400 6096.07 
  405.89 15501 6144.39 
  410.59 15205 6096.90 
  402.86 15507 6100.62 
  406.34 15493 6147.77 
  407.21 15341 6100.61 
  407.37 15458 6149.75 
              disk0 
    KB/t  tps  MB/s 
  405.78 15489 6137.64 
  398.89 15679 6107.69 
  404.99 15485 6124.28 
  411.33 15346 6164.38 
  404.71 15556 6148.07 
  407.33 15441 6142.39 
  410.12 15316 6134.14 
  403.04 15538 6115.77 
  409.69 15299 6120.84 
  407.19 15390 6119.87 
  405.80 15550 6162.18 
  405.00 15488 6125.52 
  402.91 15583 6131.46 
  412.91 15312 6174.22 
  398.35 15717 6114.04 
  404.30 15523 6129.08 
  414.63 15238 6170.00 
  404.14 15593 6153.97 
  407.04 15388 6116.91 
  408.33 15451 6161.03 
              disk0 
    KB/t  tps  MB/s 
  409.13 15307 6115.64 
  406.35 15419 6118.81 
  408.40 15457 6164.77 
  406.48 15596 6190.84 
  406.57 15468 6141.58 
  405.48 15500 6137.52 
  405.32 15517 6141.86 
  410.73 15134 6070.45 
  403.76 15536 6125.82 
  407.62 15467 6156.93 
  404.28 15619 6166.40 
  406.22 15462 6133.57 
  408.59 15364 6130.44 
  397.87 15834 6152.09 
  408.00 15462 6160.56 
  406.58 15474 6143.90 
  407.89 15475 6164.22 
  410.40 15250 6111.83 
  407.46 14328 5701.37 
  389.04 7583 2881.08 
              disk0 
    KB/t  tps  MB/s 
  405.79 7437 2947.20 
  413.11 7333 2958.16 
  400.13 10083 3939.81 
  404.74 15436 6101.30 
  411.85 15265 6139.54 
  398.97 15772 6145.17 
  410.47 15230 6104.78 
  400.73 15652 6125.47 
  407.39 15350 6106.69 
  408.19 15376 6129.12 
  407.82 15356 6115.81 
  400.79 15637 6120.32 
  411.98 15237 6130.29 
  407.45 15451 6148.00 
  408.67 15303 6107.12 
  404.39 14942 5900.64 
  410.02 7113 2847.96 
  410.87 7197 2887.69 
  406.01 7379 2925.65 
  402.75 7523 2958.84 
              disk0 
    KB/t  tps  MB/s 
  404.32 7358 2905.44 
  408.08 10831 4316.18 
  406.05 15845 6283.19 
  410.52 15697 6292.89 
  411.93 15648 6294.67 
  403.28 15922 6270.61 
  403.41 15906 6266.33 
  400.93 15999 6264.06 
  407.36 15746 6263.93 
  414.48 15503 6274.87 
  400.47 15969 6245.30 
  402.51 15953 6270.69 
  408.66 15788 6300.71 
  406.16 15776 6257.26 
  404.38 15889 6274.73 
  407.74 15719 6259.14 
  403.67 15882 6260.71 
  408.05 15709 6259.66 
  405.08 15910 6293.85 
  405.37 15876 6284.79 
              disk0 
    KB/t  tps  MB/s 
  406.15 15771 6255.08 
  405.70 15800 6259.76 
  406.78 15712 6241.41 
  408.34 15758 6283.77 
  405.08 15846 6268.49 
  409.69 15731 6293.75 
  403.92 16022 6319.86 
  403.86 15857 6254.08 
  406.82 15816 6283.38 
  413.71 15595 6300.81 
  407.09 15763 6266.35 
  411.08 15564 6248.14 
  394.71 16301 6283.55 
  412.20 15704 6321.46 
  406.98 15775 6269.40 
  407.86 15684 6247.15 
  404.87 15860 6270.58 
  406.12 15789 6262.11 
  409.52 15655 6260.63 
  408.92 15775 6299.35 
              disk0 
    KB/t  tps  MB/s 
  411.42 15673 6297.19 
  409.29 15787 6310.00 
  407.71 15771 6279.27 
  400.72 16019 6268.49 
  396.46 16166 6259.07 
  411.23 15679 6296.53 
  404.20 15867 6263.22 
  410.92 15715 6306.18 
  405.06 15942 6305.90 
  404.96 15903 6288.97 
  403.38 15933 6276.47 
  409.35 15746 6294.70 
  400.96 16115 6309.95 
  399.02 15996 6233.10 
  403.87 15899 6270.46 
  404.00 15921 6281.34 
  408.45 15838 6317.25 
  410.77 15748 6317.29 
  406.97 15798 6278.74 
  403.27 15910 6265.71 
              disk0 
    KB/t  tps  MB/s 
  406.13 15876 6296.76 
  405.91 15895 6300.83 
  408.14 15825 6307.40 
  404.13 15850 6255.13 
  405.68 15862 6284.27 
  406.09 15832 6278.36 
  412.52 15611 6288.98 
  405.94 15799 6263.23 
  405.31 15921 6301.86 
  401.65 15987 6270.61 
  410.61 15652 6276.25 
  406.23 15843 6284.99 
  408.91 15750 6289.39 
  401.83 15690 6156.86 
  399.84 15724 6139.71 
  405.03 15595 6168.37 
  404.15 15539 6133.02 
  407.02 15427 6132.10 
  407.88 15410 6137.92 
  410.15 15280 6120.07 
              disk0 
    KB/t  tps  MB/s 
  399.87 15776 6160.48 
  403.16 15549 6121.90 
  407.34 15281 6078.46 
  401.01 15769 6175.18 
  406.94 15400 6120.02 
  407.20 15432 6136.55 
  409.48 15383 6151.28 
  397.55 15710 6099.38 
  403.54 15506 6110.50 
  403.90 15617 6159.72 
  406.91 15381 6112.17 
  398.46 15768 6135.66 
  386.50 16236 6128.22 
  401.56 15728 6167.75 
  406.22 15425 6119.05 
  404.76 15448 6106.19 
  404.50 15596 6160.94 
  408.80 15365 6133.86 
  391.01 15983 6103.05 
  409.87 15335 6137.99 
              disk0 
    KB/t  tps  MB/s 
  407.95 15370 6123.34 
  402.58 15576 6123.64 
  406.51 15430 6125.27 
  401.71 15617 6126.44 
  401.17 15597 6110.41 
  404.75 15431 6099.15 
  402.25 15620 6135.82 
  400.72 15650 6124.18 
  404.89 15509 6132.09 
  408.55 15441 6160.51 
  406.58 15434 6128.10 
  402.66 15543 6111.75 
  398.50 15681 6102.44 
  402.78 15651 6156.12 
  409.18 15372 6142.60 
  397.81 15734 6112.53 
  406.80 15547 6176.34 
  397.75 15762 6122.47 
  397.04 15803 6127.40 
  406.50 15483 6146.14 
              disk0 
    KB/t  tps  MB/s 
  401.06 15667 6136.12 
  393.09 16013 6146.92 
  402.81 15636 6150.86 
  400.45 15766 6165.54 
  402.91 15559 6121.94 
  400.34 15610 6102.65 
  396.34 15845 6132.60 
  407.50 15400 6128.60 
  391.31 16034 6127.23 
  396.62 11732 4544.09 
  404.90 7656 3027.42 
  398.54 7581 2950.65 
  405.04 7523 2975.86 
  399.20 12023 4687.24 
  396.00 15850 6129.46 
  401.25 15651 6132.88 
  383.13 16403 6137.07 
  384.66 16262 6108.60 
  384.50 16181 6075.75 
  368.45 17064 6139.82 
              disk0 
    KB/t  tps  MB/s 
  376.84 16617 6115.24 
  399.64 15564 6074.38 
  406.17 15436 6122.49 
  399.97 15694 6130.00 
  403.29 15577 6134.73 
  407.77 15423 6141.67 
  404.33 15461 6104.72 
  412.67 15291 6162.10 
  393.53 15865 6097.11 
  404.68 15493 6122.84 
  406.65 15446 6133.90 
  402.46 15526 6102.05 
  409.19 15010 5997.97 
  399.01 7420 2891.44 
  383.49 7768 2909.14 
  370.42 8166 2954.01 
  365.60 7925 2829.62 
  369.49 8025 2895.56 
  372.01 7779 2826.01 
  395.46 7393 2855.17 
              disk0 
    KB/t  tps  MB/s 
  399.13 7470 2911.68 
  403.97 7504 2960.31 
  402.18 7352 2887.60 
  399.08 7440 2899.66 
  394.17 11035 4247.54 
  408.64 15458 6168.92 
  404.58 15529 6135.43 
  411.59 11688 4698.04 
  401.64 7049 2764.76 
  403.88 7603 2998.76 
  401.56 7589 2976.17 
  408.97 7296 2913.89 
  406.24 7494 2972.93 
  404.43 9885 3904.15 
  405.85 15350 6083.64 
  405.57 15513 6144.28 
  409.86 15372 6152.79 
  399.05 15733 6130.93 
  407.00 15284 6074.91 
  407.54 7763 3089.58 
              disk0 
    KB/t  tps  MB/s 
  409.33 7368 2945.35 
  398.94 7500 2921.88 
  403.17 7518 2959.97 
  408.23 7324 2919.62 
  399.43 7545 2943.08 
  411.41 14206 5707.29 
  397.80 15670 6087.59 
  409.30 15503 6196.77 
  406.71 15423 6125.62 
  401.12 15653 6131.74 
  404.52 15496 6121.66 
  403.67 15602 6150.65 
  403.30 15605 6145.92 
  410.92 15456 6202.22 
  410.58 15342 6151.52 
  390.15 15965 6082.78 
  396.79 15923 6170.00 
  398.62 15577 6063.64 
  399.67 15645 6106.25 
  413.11 15361 6197.02 
              disk0 
    KB/t  tps  MB/s 
  406.02 9900 3925.54 
  401.66 7584 2974.77 
  397.42 7554 2931.67 
  407.64 7509 2989.26 
  404.11 7411 2924.83 
  398.18 7600 2955.12 
  413.37 15347 6195.44 
  403.24 15699 6182.01 
  404.70 15522 6134.38 
  406.15 15421 6116.33 
  407.76 15523 6181.25 
  407.16 15473 6152.53 
  402.69 15555 6117.15 
  407.10 15379 6114.22 
  403.75 15547 6130.08 
  404.22 15528 6129.55 
  407.02 15400 6121.19 
  403.85 15616 6158.77 
  403.21 15613 6147.53 
  408.51 15393 6140.75 
              disk0 
    KB/t  tps  MB/s 
  407.40 15516 6173.06 
  407.82 15376 6123.82 
  400.54 10993 4300.06 
  394.73 7652 2949.73 
  395.78 7616 2943.70 
  409.95 7383 2955.51 
  406.56 7281 2890.90 
  405.80 7395 2930.36 
  401.30 15483 6067.52 
  411.40 15185 6100.56 
  409.66 7451 2980.86 
  404.51 7300 2883.52 
  405.61 7473 2960.11 
  398.64 7701 2997.89 
  405.41 7431 2941.99 
  396.38 7485 2897.39 
  406.95 14085 5597.57 
  403.28 15634 6157.09 
  401.89 15506 6085.70 
  412.80 15279 6159.38 
              disk0 
    KB/t  tps  MB/s 
  400.58 15650 6121.94 
  399.15 15666 6106.34 
  404.72 15458 6109.60 
  409.01 15389 6146.76 
  399.18 15668 6107.68 
  409.93 15361 6149.45 
  406.98 12500 4968.18 
  407.41 7246 2882.98 
  407.10 7227 2873.27 
  403.25 7526 2963.77 
  406.55 7365 2923.91 
  398.63 7503 2920.96 
  405.29 11928 4720.86 
  404.52 15575 6152.73 
  404.75 15494 6124.28 
  398.45 15870 6175.27 
  406.76 15445 6135.06 
  408.64 15377 6136.47 
  407.31 15307 6088.36 
  397.73 15795 6134.96 
              disk0 
    KB/t  tps  MB/s 
  402.81 15580 6128.79 
  409.88 15294 6121.80 
  411.12 15365 6168.88 
  404.63 15526 6135.12 
  409.00 15304 6112.80 
  404.65 14125 5581.68 
  405.86 7221 2861.95 
  400.39 7288 2849.71 
  401.12 7397 2897.48 
  401.11 7211 2824.53 
  395.11 7719 2978.37 
  399.64 7327 2859.67 
  392.26 7450 2853.85 
  404.44 7335 2896.86 
  397.36 7542 2926.69 
  399.60 7659 2988.80 
  409.57 7253 2900.85 
  405.86 7205 2855.67 
  402.50 7191 2826.45 
  401.47 7331 2874.22 
              disk0 
    KB/t  tps  MB/s 
  408.40 7442 2968.07 
  408.66 7392 2950.09 
  403.62 7352 2897.84 
  399.64 7500 2926.91 
  408.63 6977 2784.37 
  403.76 7378 2909.08 
  399.50 7549 2945.12 
  406.75 7421 2947.76 
  399.61 7379 2879.49 
  400.94 7387 2892.19 
  407.06 7230 2874.02 
  401.69 7063 2770.75 
  410.07 7490 2999.39 
  413.30 7408 2990.07 
  406.50 7314 2903.44 
  402.98 7389 2907.68 
  405.27 12588 4982.06 
  409.80 15402 6163.67 
  407.85 13318 5304.37 
  403.26 7174 2825.03 
              disk0 
    KB/t  tps  MB/s 
  404.34 7382 2914.88 
  408.40 7279 2903.29 
  408.95 7416 2961.79 
  412.60 7473 3011.14 
  413.45 8122 3279.34 
  411.01 15298 6140.18 
  404.98 15431 6102.81 
  399.13 15804 6160.05 
  408.93 15347 6128.75 
  412.68 13394 5397.90 
  401.79 7157 2808.19 
  407.71 7406 2948.53 
  411.21 7349 2951.08 
  412.69 7460 3006.42 
  404.08 7082 2794.75 
  399.16 7458 2907.02 
  388.40 7574 2872.93 
  401.08 7497 2936.61 
  402.14 7526 2955.73 
  404.58 7440 2939.40 
              disk0 
    KB/t  tps  MB/s 
  409.17 7226 2887.25 
  410.77 7475 2998.63 
  401.65 15703 6159.23 
  412.22 15294 6156.57 
  406.18 15487 6143.17 
  405.51 8722 3453.89 
  404.97 7346 2905.15 
  405.60 7442 2947.55 
  409.76 7497 2999.86 
  406.20 7367 2922.15 
  400.76 7486 2929.91 
  408.68 12995 5186.11 
  404.49 15534 6136.25 
  409.28 15506 6197.50 
  407.05 15422 6130.26 
  404.91 15460 6113.42 
  408.07 15525 6186.88 
  408.21 15359 6122.68 
  405.23 15519 6141.26 
  409.16 15446 6171.83 
              disk0 
    KB/t  tps  MB/s 
  410.36 15371 6159.86 
  402.60 15545 6111.71 
  402.98 15614 6144.89 
  401.37 15643 6131.59 
  408.28 15333 6113.43 
  401.58 15666 6143.75 
  407.50 15420 6136.18 
  411.93 15312 6159.47 
  406.11 15457 6130.08 
  392.61 15814 6063.29 
  406.77 15499 6156.63 
  408.85 15375 6138.64 
  399.33 15716 6128.56 
  410.62 8414 3373.91 
  408.45 7348 2931.01 
  412.65 7252 2922.29 
  415.67 7406 3006.12 
  414.84 7293 2954.31 
  405.60 11538 4570.03 
  406.48 15490 6148.91 
              disk0 
    KB/t  tps  MB/s 
  408.19 15520 6186.77 
  404.49 11147 4402.95 
  401.97 7076 2777.61 
  399.27 7335 2860.05 
  406.92 7321 2909.20 
  407.37 7263 2889.48 
  418.74 7133 2916.95 
  404.38 7200 2843.14 
  402.25 7203 2829.54 
  403.27 7424 2923.67 
  400.77 7749 3032.79 
  407.80 7283 2900.41 
  413.58 7258 2931.54 
  412.94 7334 2957.53 
  409.13 7178 2867.82 
  404.96 7452 2946.94 
  400.62 7349 2875.18 
  410.88 7420 2977.42 
  401.03 7492 2934.21 
  400.16 7561 2954.70 
              disk0 
    KB/t  tps  MB/s 
  400.39 7198 2814.50 
  407.04 7374 2931.09 
  411.98 7373 2966.45 
  405.18 7387 2922.87 
  405.88 7406 2935.42 
  407.23 7273 2892.50 
  410.14 13518 5414.20 
  407.50 15398 6127.74 
  408.54 15354 6125.75 
  407.84 15531 6185.80 
  410.40 15321 6140.54 
  407.51 15405 6130.61 
  413.60 6917 2794.01 
  412.05 7128 2868.44 
  406.93 7283 2894.13 
  404.15 7382 2913.49 
  398.82 7550 2940.61 
  410.54 7381 2959.22 
  406.88 7201 2861.34 
  407.19 7180 2855.19 
              disk0 
    KB/t  tps  MB/s 
  401.38 7319 2868.75 
  396.37 7552 2923.21 
  400.30 7422 2901.31 
  407.52 7447 2963.59 
  413.90 13954 5640.36 
  401.77 15734 6173.14 
  408.26 15452 6160.52 
  412.39 15353 6182.80 
  411.46 15334 6161.63 
  409.82 15448 6182.26 
  405.99 15498 6144.62 
  403.12 7340 2889.52 
  398.05 7560 2938.85 
  406.12 7295 2893.09 
  410.20 7427 2975.08 
  407.79 7449 2966.44 
  406.34 7581 3008.39 
  407.31 15431 6137.74 
  410.32 15309 6134.37 
  410.60 15395 6172.88 
              disk0 
    KB/t  tps  MB/s 
  403.89 15563 6138.36 
  403.51 15657 6169.82 
  401.90 15592 6119.44 
  408.32 15312 6105.78 
  405.30 15579 6166.14 
  411.49 8352 3356.45 
  408.70 7262 2898.32 
  407.95 7323 2917.50 
  409.03 7430 2967.75 
  402.05 7334 2879.65 
  411.55 7375 2963.90 
  408.05 6970 2777.42 
  408.44 7307 2914.74 
  400.29 7453 2913.54 
  412.43 7379 2972.12 
  407.43 7470 2972.28 
  409.26 7300 2917.67 
  393.34 7407 2845.09 
  400.61 7444 2912.24 
  403.63 7341 2893.75 
              disk0 
    KB/t  tps  MB/s 
  406.89 7426 2950.82 
  409.94 7356 2944.68 
  417.16 7253 2954.92 
  407.48 11410 4540.46 
  404.72 15437 6101.41 
  409.15 15416 6159.48 
  408.19 15423 6148.05 
  411.77 15109 6075.61 
  409.19 15417 6160.78 
  404.89 15487 6123.64 
  408.13 15447 6156.60 
  406.12 15581 6179.53 
  412.54 15291 6160.44 
  405.46 15555 6159.30 
  401.99 15578 6115.41 
  414.80 15137 6131.67 
  406.03 15532 6158.53 
  411.76 15236 6126.44 
  405.46 15492 6134.34 
  406.12 15557 6169.97 
              disk0 
    KB/t  tps  MB/s 
  402.24 15578 6119.37 
  409.31 15190 6071.54 
  402.58 15684 6165.99 
  407.60 15364 6115.57 
  394.79 9743 3756.41 
  411.02 7267 2917.03 
  413.03 7323 2953.89 
  400.57 7607 2975.70 
  411.29 7468 2999.49 
  412.79 7316 2949.08 
  408.59 6988 2788.24 
  410.64 7308 2930.61 
  395.64 7473 2887.50 
  396.07 7593 2936.71 
  402.48 7540 2963.62 
  403.61 8561 3374.36 
  405.29 15488 6129.92 
  405.31 15533 6148.10 
  404.22 15593 6155.24 
  402.77 15579 6127.76 
              disk0 
    KB/t  tps  MB/s 
  404.37 15522 6129.70 
  409.11 15477 6183.31 
  410.18 15419 6176.29 
  404.35 15411 6085.39 
  403.45 15549 6126.13 
  408.30 10792 4302.96 
  399.05 7178 2797.33 
  398.99 7336 2858.49 
  411.21 7457 2994.32 
  402.54 7344 2887.11 
  411.85 7270 2924.12 
  406.59 7134 2832.44 
  411.62 6962 2798.51 
  398.70 7339 2857.45 
  406.80 7444 2957.12 
  406.70 7567 3005.25 
  404.65 7473 2953.23 
  392.88 11950 4585.02 
  408.66 15383 6139.18 
  401.71 15597 6118.46 
              disk0 
    KB/t  tps  MB/s 
  407.53 15494 6166.50 
  407.90 15235 6068.78 
  405.69 15456 6123.26 
  409.96 15352 6146.31 
  408.02 15038 5991.91 
  402.34 7254 2849.99 
  406.42 7308 2900.50 
  409.76 7552 3021.96 
  403.33 7539 2969.44 
  406.00 7476 2964.11 
  407.18 8236 3274.89 
  408.90 15424 6159.28 
  404.94 15447 6108.51 
  407.67 15525 6180.65 
  407.92 15382 6127.56 
  407.30 15489 6161.02 
  409.51 15477 6189.60 
  410.79 15399 6177.59 
  402.09 15614 6130.89 
  406.27 15535 6163.36 
              disk0 
    KB/t  tps  MB/s 
  402.91 11308 4449.16 
  404.09 7202 2842.09 
  395.75 7618 2944.34 
  404.00 7425 2929.34 
  405.04 7322 2896.14 
  402.54 7414 2914.57 
  407.96 8725 3476.03 
  405.33 7246 2868.11 
  385.91 7870 2966.07 
  382.61 7834 2927.01 
  366.24 8139 2910.76 
  404.77 7623 3013.12 
  405.47 7356 2912.61 
  406.59 7102 2819.89 
  407.00 7337 2916.14 
  413.00 7377 2975.48 
  413.88 7329 2962.07 
  410.94 7256 2911.87 
  403.55 7310 2880.81 
  406.74 7139 2835.60 
              disk0 
    KB/t  tps  MB/s 
  401.74 7323 2873.06 
  405.97 7374 2923.25 
  402.83 7687 3023.99 
  408.77 7371 2942.40 
  409.29 7093 2834.98 
  407.12 15012 5968.55 
  407.23 15447 6143.13 
  406.12 15510 6151.37 
  407.04 15468 6148.46 
  404.70 15562 6150.16 
  404.27 15420 6087.84 
  407.94 15484 6168.58 
  410.32 15344 6148.23 
  404.45 15472 6110.97 
  398.82 15774 6143.78 
  404.85 15458 6111.32 
  408.07 15391 6133.35 
  402.49 15584 6125.15 
  404.21 10092 3983.79 
  405.22 7426 2938.84 
              disk0 
    KB/t  tps  MB/s 
  402.97 7341 2888.91 
  408.32 7213 2876.03 
  406.21 7388 2930.74 
  410.33 7112 2849.75 
  405.64 7331 2903.94 
  406.17 7483 2968.13 
  410.15 7246 2902.26 
  404.91 7508 2968.80 
  405.24 7372 2917.43 
  414.56 7409 2999.46 
  411.85 13936 5604.85 
  404.38 15608 6163.65 
  407.08 15370 6110.21 
  407.90 15375 6124.60 
  405.96 15524 6154.66 
  408.22 15424 6148.77 
  407.03 15450 6141.29 
  403.97 15534 6128.07 
  409.39 15464 6182.30 
  405.37 15435 6110.04 
              disk0 
    KB/t  tps  MB/s 
  407.65 15379 6122.22 
  395.23 15933 6149.61 
  407.99 15391 6132.20 
  401.41 15716 6160.69 
  405.16 15526 6143.02 
  409.13 15333 6126.15 
  403.12 15532 6114.59 
  409.64 15380 6152.55 
  407.68 15440 6146.94 
  405.56 15389 6095.03 
  413.54 15242 6155.53 
  408.82 15482 6181.04 
  404.33 15516 6126.43 
  403.86 15499 6112.67 
  408.64 15349 6125.28 
  404.07 15522 6124.82 
  406.74 15385 6110.88 
  396.61 15674 6070.83 
  411.89 15268 6141.57 
  406.76 15385 6111.54 
              disk0 
    KB/t  tps  MB/s 
  409.70 15205 6083.56 
  406.61 15492 6151.37 
  403.71 15432 6084.04 
  408.66 10255 4092.60 
  406.00 7390 2929.82 
  409.79 7290 2917.41 
  405.59 7269 2879.32 
  406.16 7542 2991.45 
  408.62 7008 2796.57 
  406.64 7239 2874.63 
  412.48 7280 2932.29 
  401.70 7561 2966.04 
  404.39 7421 2930.76 
  400.55 7354 2876.63 
  407.37 12330 4905.12 
  406.42 15528 6163.05 
  406.21 15445 6126.67 
  408.98 15397 6149.55 
  404.54 15525 6133.47 
  401.13 15595 6108.79 
              disk0 
    KB/t  tps  MB/s 
  405.39 15550 6156.15 
  408.52 15450 6163.85 
  409.03 15289 6106.96 
  407.52 15443 6146.00 
  404.10 15537 6131.37 
  404.85 15423 6097.53 
  404.09 15453 6097.97 
  410.71 15299 6135.96 
  407.05 15436 6135.79 
  397.95 15773 6129.81 
  406.70 15432 6128.93 
  405.78 15429 6114.13 
  406.94 15363 6105.24 
  406.18 15507 6151.12 
  403.69 15611 6154.53 
  407.16 15444 6140.91 
  408.01 10493 4180.91 
  404.14 7366 2907.14 
  404.45 7339 2898.61 
  411.87 7306 2938.52 
              disk0 
    KB/t  tps  MB/s 
  412.49 7311 2944.82 
  385.45 9587 3608.81 
  401.60 15540 6094.39 
  406.16 15498 6146.97 
  410.48 15349 6152.73 
  404.35 15636 6174.42 
  403.48 15613 6151.75 
  408.77 15361 6131.95 
  408.58 15354 6126.17 
  410.53 15410 6177.80 
  405.38 15454 6117.79 
  403.25 15542 6120.48 
  411.20 15381 6176.25 
  406.54 15435 6127.67 
  408.09 15348 6116.38 
  402.68 15629 6145.86 
  407.44 15337 6102.42 
  408.49 15295 6101.35 
  407.00 15443 6138.02 
  409.71 15316 6128.25 
              disk0 
    KB/t  tps  MB/s 
  400.83 15542 6083.70 
  408.20 15380 6130.86 
  408.65 15382 6138.58 
  399.84 15662 6115.35 
  409.20 15267 6100.80 
  406.89 15520 6166.94 
  404.33 15541 6136.36 
  408.24 15271 6087.98 
  407.19 15334 6097.35 
  402.19 15641 6143.26 
  412.40 15193 6118.84 
  401.07 15626 6120.19 
  411.61 15281 6142.22 
  403.50 15501 6107.93 
  407.14 15420 6131.07 
  404.49 15520 6130.64 
  397.08 15862 6150.87 
  404.17 15565 6143.61 
  400.78 11723 4588.27 
  409.86 7127 2852.73 
              disk0 
    KB/t  tps  MB/s 
  406.80 7412 2944.54 
  404.31 7130 2815.22 
  406.57 7431 2950.52 
  405.50 14680 5813.45 
  407.68 15347 6110.04 
  407.12 15523 6171.73 
  412.86 15235 6142.63 
  403.21 15530 6115.06 
  409.36 15413 6161.70 
  405.71 15514 6146.80 
  405.52 15525 6148.19 
  403.36 15618 6152.15 
  404.14 15416 6084.20 
  401.26 15562 6098.18 
  403.43 15643 6163.02 
  406.51 15388 6108.64 
  412.09 15238 6132.37 
  409.71 15265 6107.68 
  407.53 15471 6157.10 
  398.96 15628 6088.88 
              disk0 
    KB/t  tps  MB/s 
  402.26 15543 6105.68 
  406.78 15409 6120.96 
  408.32 15406 6142.97 
  398.75 15665 6099.91 
  406.70 15608 6199.14 
  412.09 15267 6143.96 
  405.21 15576 6163.67 
  404.51 15607 6165.15 
  404.41 15497 6120.44 
  403.95 15420 6082.84 
  403.30 15615 6149.84 
  407.59 15395 6127.98 
  405.05 15515 6137.23 
  400.84 15722 6154.46 
  408.45 15386 6137.22 
  409.65 15330 6132.54 
  409.31 15424 6165.21 
  405.64 15434 6114.05 
  402.47 15520 6099.81 
  400.63 15603 6104.40 
              disk0 
    KB/t  tps  MB/s 
  408.38 15222 6070.45 
  406.67 7426 2949.26 
  399.39 7423 2895.36 
  405.74 7456 2954.25 
  406.10 7541 2990.70 
  409.91 7304 2923.73 
  405.36 7164 2836.05 
  406.85 7417 2947.05 
  409.76 7320 2928.92 
  397.25 7617 2954.95 
  409.61 8553 3421.19 
  409.05 9097 3633.78 
  402.87 12277 4830.25 
  412.63 13193 5316.08 
  407.97 15825 6304.71 
  408.04 15729 6267.78 
  401.79 16006 6280.23 
  408.22 15794 6296.14 
  399.74 16058 6268.67 
  409.77 15698 6281.93 
              disk0 
    KB/t  tps  MB/s 
  405.35 15811 6258.67 
  402.77 15921 6262.23 
  411.34 15546 6244.83 
  403.35 15902 6263.57 
  402.90 15737 6191.85 
  401.13 15953 6249.28 
  405.39 15930 6306.66 
  414.94 15436 6254.85 
  407.71 15695 6249.24 
  406.77 15818 6283.37 
  405.15 15878 6282.17 
  411.69 15563 6256.96 
  406.56 15848 6291.96 
  408.42 15721 6270.13 
  404.60 15791 6239.12 
  408.34 15696 6258.99 
  401.35 16003 6272.52 
  407.06 15843 6297.77 
  409.16 15740 6289.13 
  405.64 15842 6275.51 
              disk0 
    KB/t  tps  MB/s 
  402.27 15948 6265.09 
  402.17 16009 6287.57 
  410.01 15815 6332.37 
  409.76 15672 6271.30 
  408.70 15815 6312.01 
  405.86 15847 6280.83 
  398.87 16107 6273.90 
  409.55 15650 6259.29 
  410.78 15632 6270.69 
  402.62 15958 6274.43 
  409.10 15793 6309.34 
  407.87 15749 6273.15 
  412.08 15600 6277.83 
  400.16 16032 6265.05 
  410.34 15641 6267.58 
  409.61 15675 6270.14 
  405.05 15892 6286.05 
  405.60 15779 6250.07 
  410.65 15654 6277.74 
  410.93 15654 6281.81 
              disk0 
    KB/t  tps  MB/s 
  400.45 15931 6230.09 
  407.81 15707 6255.24 
  403.41 15988 6298.39 
  413.33 15560 6280.72 
  409.97 15733 6298.90 
  411.80 15627 6284.23 
  409.79 15671 6271.15 
  399.44 16068 6267.61 
  404.29 15875 6267.59 
  406.53 15843 6289.58 
  408.10 15705 6259.08 
  407.58 15789 6284.51 
  401.34 15980 6263.10 
  409.89 15705 6286.25 
  406.66 15812 6279.54 
  406.01 15806 6267.19 
  407.91 15754 6275.69 
  409.71 15790 6317.81 
  392.73 16328 6262.03 
  412.47 15570 6271.63 
              disk0 
    KB/t  tps  MB/s 
  411.85 15602 6275.14 
  402.33 15977 6277.47 
  406.04 15900 6304.48 
  402.65 15892 6248.83 
  405.42 15768 6242.80 
  408.97 15776 6300.68 
  404.82 15797 6245.11 
  404.78 15873 6274.25 
  405.32 15933 6306.76 
  407.30 15824 6294.14 
  405.35 15759 6238.13 
  404.41 15850 6259.67 
  408.83 15729 6279.85 
  409.92 15703 6286.16 
  407.00 15884 6313.30 
  408.66 15672 6254.52 
  409.95 15755 6307.37 
  408.76 15772 6295.84 
  412.42 15649 6302.70 
  406.66 15762 6259.54 
              disk0 
    KB/t  tps  MB/s 
  402.04 15980 6273.91 
  409.82 15765 6309.20 
  407.97 15789 6290.47 
  401.87 16019 6286.88 
  405.08 15855 6271.86 
  412.79 15610 6292.56 
  412.69 15658 6310.36 
  411.23 15699 6304.64 
  402.80 16006 6296.01 
  401.01 15943 6243.57 
  407.78 15817 6298.49 
  406.54 15816 6279.06 
  408.78 15647 6246.32 
  406.09 15753 6247.19 
  404.95 15960 6311.76 
  397.94 16164 6281.49 
  408.13 15716 6264.00 
  407.39 15753 6267.20 
  410.58 15680 6286.91 
  408.52 15795 6301.18 
              disk0 
    KB/t  tps  MB/s 
  396.67 16197 6274.39 
  402.68 15929 6263.93 
  411.01 15709 6305.16 
  405.73 15832 6272.86 
  404.21 15883 6269.57 
  408.19 15682 6251.38 
  396.73 16085 6231.65 
  411.96 15656 6298.31 
  406.72 15861 6299.67 
  409.22 15605 6236.25 
  408.55 15741 6280.14 
  405.14 15847 6269.87 
  413.20 15538 6269.88 
  404.21 15868 6263.56 
  408.40 15722 6270.44 
  409.48 15778 6309.23 
  401.15 15988 6263.46 
  404.67 15845 6261.68 
  394.13 16263 6259.48 
  405.84 15849 6281.31 
              disk0 
    KB/t  tps  MB/s 
  407.54 15855 6309.97 
  404.50 15902 6281.48 
  405.63 15839 6274.27 
  412.69 15583 6280.03 
  414.58 15576 6306.28 
  410.29 15688 6285.99 
  409.52 15754 6300.37 
  404.24 15891 6273.23 
  404.04 15794 6231.93 
  408.74 15717 6273.76 
  406.70 15773 6264.53 
  407.47 15751 6267.67 
  404.25 15919 6284.27 
  402.74 15988 6288.17 
  411.23 15616 6271.34 
  408.92 15715 6275.67 
  409.35 15794 6313.83 
  404.14 15800 6235.92 
  406.85 15817 6284.12 
  406.47 15866 6297.77 
              disk0 
    KB/t  tps  MB/s 
  400.43 15945 6235.26 
  407.89 15754 6275.40 
  403.19 15940 6276.16 
  394.78 16243 6262.18 
  407.33 15727 6255.91 
  409.64 15714 6286.16 
  410.06 15720 6295.20 
  410.09 15656 6269.91 
  401.08 16065 6292.21 
  409.50 15636 6252.98 
  401.44 16010 6276.59 
  409.07 15735 6286.07 
  404.52 15877 6272.07 
  403.13 15940 6275.09 
  409.04 15757 6294.25 
  408.07 15680 6248.75 
  405.13 15883 6283.91 
  407.78 15708 6255.36 
  411.77 15565 6259.09 
  411.50 15667 6295.98 
              disk0 
    KB/t  tps  MB/s 
  405.30 15711 6218.17 
  405.09 15829 6261.83 
  409.18 15744 6291.06 
  412.12 15585 6272.31 
  400.95 16052 6285.00 
  404.62 15922 6291.37 
  400.25 16057 6276.00 
  410.65 15657 6278.94 
  407.29 15802 6285.19 
  402.90 15830 6228.37 
  408.04 15673 6245.23 
  405.98 15835 6278.02 
  408.17 15761 6282.27 
  406.55 15869 6300.38 
  400.67 16002 6261.21 
  408.17 15671 6246.45 
  409.86 15732 6296.92 
  411.18 15640 6280.13 
  402.45 15939 6264.23 
  408.72 15741 6282.67 
              disk0 
    KB/t  tps  MB/s 
  404.43 15876 6270.12 
  409.30 15791 6311.77 
  406.86 15796 6276.13 
  410.04 15693 6283.89 
  407.21 15786 6277.67 
  400.28 16059 6277.56 
  404.45 15847 6258.97 
  402.08 16028 6293.57 
  409.34 15729 6287.54 
  411.27 15700 6305.46 
  391.73 16405 6275.65 
  404.86 15892 6283.17 
  414.29 15482 6263.55 
  404.03 15892 6270.44 
  403.66 15932 6280.17 
  410.22 15632 6262.41 
  405.04 15880 6281.21 
  407.51 15854 6309.27 
  412.83 15667 6316.07 
  401.92 16018 6287.11 
              disk0 
    KB/t  tps  MB/s 
  409.32 15735 6289.54 
  407.65 15786 6284.34 
  407.31 15787 6279.59 
  403.87 15950 6290.98 
  403.99 15926 6283.25 
  409.91 15723 6293.77 
  405.77 15834 6274.27 
  409.04 15850 6331.32 
  408.37 15637 6236.19 
  405.45 15796 6254.32 
  407.51 15784 6281.61 
  405.19 15888 6286.65 
  407.00 15828 6291.07 
  408.50 15794 6300.65 
  401.50 15907 6237.18 
  409.70 15691 6278.08 
  408.10 15734 6270.37 
  401.01 16081 6297.30 
  401.22 16017 6275.54 
  410.96 15632 6273.35 
              disk0 
    KB/t  tps  MB/s 
  406.10 15782 6259.00 
  403.55 15853 6247.51 
  406.82 15836 6291.29 
  406.08 15838 6280.61 
  409.19 15651 6254.15 
  408.91 15740 6285.27 
  405.87 15802 6263.28 
  405.94 15855 6285.27 
  409.60 15759 6303.59 
  401.69 15933 6250.24 
  406.51 15824 6281.79 
  404.93 15812 6252.71 
  409.35 15734 6289.83 
  406.16 15781 6259.30 
  407.32 15751 6265.15 
  408.93 15678 6261.09 
  411.25 15657 6287.91 
  401.22 16000 6269.24 
  395.76 16174 6251.10 
  408.63 15724 6274.67 
              disk0 
    KB/t  tps  MB/s 
  409.46 15678 6269.07 
  406.59 15757 6256.54 
  406.18 15790 6263.42 
  400.21 16033 6266.19 
  403.23 16011 6304.79 
  410.63 15608 6258.94 
  411.67 15616 6277.84 
  411.50 15744 6326.87 
  408.94 15665 6255.84 
  405.36 15936 6308.26 
  402.64 15954 6272.97 
  404.43 15847 6258.92 
  409.23 15722 6283.22 
  404.14 15894 6272.79 
  406.83 15802 6278.19 
  406.87 15772 6266.89 
  413.48 15568 6286.20 
  407.33 15833 6298.12 
  407.67 15755 6272.22 
  396.08 16170 6254.67 
              disk0 
    KB/t  tps  MB/s 
  411.22 15662 6289.44 
  407.22 15850 6303.38 
  405.16 15883 6284.45 
  407.33 15746 6263.30 
  404.06 16004 6314.85 
  400.51 15999 6257.39 
  402.98 15989 6292.20 
  403.88 15967 6297.54 
  408.49 15632 6235.81 
  410.29 15650 6270.70 
  390.75 16366 6244.96 
  410.91 15679 6291.62 
  404.23 15875 6266.81 
  406.37 15854 6291.61 
  404.38 15879 6270.52 
  407.27 15808 6287.37 
  403.17 16020 6307.42 
  404.88 15932 6299.25 
  406.45 15831 6283.77 
  409.55 15689 6274.96 
              disk0 
    KB/t  tps  MB/s 
  407.74 15715 6257.45 
  402.59 15998 6289.77 
  406.48 15838 6287.05 
  410.32 15711 6295.42 
  404.56 15918 6288.99 
  407.95 15765 6280.48 
  402.51 15939 6265.10 
  407.38 15818 6292.78 
  406.37 15823 6279.21 
  402.98 16001 6296.85 
  409.35 15581 6228.37 
  406.16 15839 6282.44 
  406.11 15802 6266.83 
  410.12 15751 6308.31 
  404.89 15825 6257.34 
  408.18 15729 6269.69 
  408.84 15747 6287.01 
  402.41 15868 6235.80 
  398.93 16089 6268.21 
  408.91 15750 6289.49 
              disk0 
    KB/t  tps  MB/s 
  401.50 15950 6253.77 
  405.94 15871 6291.61 
  407.55 15753 6269.69 
  406.09 15882 6298.13 
  406.54 15884 6306.12 
  409.03 15797 6309.79 
  408.75 15724 6276.66 
  400.25 16033 6266.85 
  415.35 15602 6328.57 
  406.92 15720 6246.86 
  409.33 15608 6239.08 
  410.63 15698 6294.90 
  409.74 15766 6308.38 
  400.97 16016 6271.57 
  410.27 15701 6290.69 
  408.20 15755 6280.48 
  406.49 15750 6252.17 
  407.94 15696 6252.97 
  407.89 15771 6281.99 
  400.83 16012 6267.63 
              disk0 
    KB/t  tps  MB/s 
  406.41 15744 6248.72 
  404.68 15935 6297.45 
  406.88 15833 6291.06 
  408.78 15749 6287.04 
  401.95 15955 6262.86 
  408.39 15744 6278.94 
  402.68 15978 6283.23 
  409.11 15670 6260.63 
  401.61 15952 6256.47 
  410.96 15687 6295.52 
  410.17 15689 6284.13 
  406.81 15659 6221.12 
  408.26 15708 6262.67 
  408.87 15625 6238.89 
  405.27 15852 6273.85 
  407.37 15756 6268.04 
  410.61 15659 6279.21 
  409.23 15765 6300.30 
  410.82 15694 6296.08 
  401.53 15960 6258.30 
              disk0 
    KB/t  tps  MB/s 
  403.99 15870 6260.84 
  408.14 15657 6240.53 
  409.38 15732 6289.21 
  399.96 16003 6250.58 
  410.27 15755 6312.09 
  400.09 15992 6248.34 
  403.00 15980 6288.94 
  404.16 15842 6252.71 
  408.53 15799 6303.15 
  407.65 15770 6278.10 
  398.55 16199 6304.81 
  404.73 15877 6275.10 
  412.06 15617 6284.15 
  409.11 15702 6273.13 
  412.34 15640 6297.77 
  408.26 15798 6298.46 
  406.94 15758 6262.40 
  410.69 15690 6292.74 
  402.10 16027 6293.54 
  409.32 15814 6321.21 
              disk0 
    KB/t  tps  MB/s 
  405.25 15873 6281.89 
  406.81 15843 6293.82 
  408.06 15787 6291.03 
  410.49 15688 6288.74 
  405.19 15852 6272.44 
  411.52 15610 6273.18 
  402.44 15955 6270.33 
  404.76 15791 6241.88 
  404.46 15969 6307.51 
  407.76 15711 6255.95 
  402.32 15981 6278.86 
  400.13 16017 6258.70 
  408.17 15748 6277.11 
  405.62 15819 6266.31 
  407.45 15739 6262.72 
  410.39 15639 6267.83 
  408.29 15682 6252.74 
  406.88 15870 6305.62 
  405.01 15896 6286.94 
  411.88 15662 6299.68 
              disk0 
    KB/t  tps  MB/s 
  402.86 15907 6258.23 
  409.48 15793 6315.21 
  408.11 15774 6286.69 
  407.28 15777 6275.06 
  401.29 15986 6264.89 
  403.42 15956 6285.90 
  403.89 15932 6283.82 
  405.90 15820 6270.92 
  402.90 15830 6228.47 
  406.56 15820 6280.99 
  404.54 15874 6271.21 
  405.76 15836 6274.91 
  398.56 16091 6262.96 
  406.62 15847 6292.79 
  403.80 16012 6314.04 
  408.92 15708 6272.94 
  409.44 15637 6252.35 
  407.66 15734 6263.84 
  406.08 15827 6276.58 
  408.03 15691 6252.21 
              disk0 
    KB/t  tps  MB/s 
  408.58 15820 6312.22 
  408.85 15720 6276.42 
  409.99 15718 6293.06 
  405.69 15878 6290.57 
  410.05 15685 6280.86 
  402.34 15928 6258.02 
  406.53 15836 6287.03 
  408.74 15859 6330.40 
  402.33 15957 6269.35 
  410.04 15587 6241.48 
  410.89 15579 6251.18 
  410.23 15660 6273.67 
  409.23 15778 6305.56 
  409.18 15754 6295.08 
  403.39 15894 6261.07 
  410.98 15681 6293.44 
  407.88 15764 6278.97 
  403.63 15949 6286.52 
  399.81 16051 6266.86 
  401.67 16060 6299.65 
              disk0 
    KB/t  tps  MB/s 
  405.67 15847 6278.20 
  408.09 15759 6280.26 
  409.46 15745 6295.85 
  399.02 15991 6231.40 
  392.37 16346 6263.16 
  409.62 15659 6263.97 
  412.79 15601 6288.87 
  410.34 15671 6279.60 
  406.71 15791 6271.99 
  400.23 16008 6256.63 
  410.56 15649 6274.17 
  401.16 16069 6295.09 
  409.19 15645 6251.71 
  406.94 15807 6281.66 
  406.81 15767 6263.78 
  406.17 15843 6284.20 
  410.30 15653 6271.89 
  408.26 15752 6279.98 
  404.32 15888 6273.17 
  405.38 15842 6271.74 
              disk0 
    KB/t  tps  MB/s 
  402.86 15896 6253.75 
  408.87 15582 6221.61 
  407.97 15764 6280.43 
  405.75 15468 6129.08 
  414.68 15187 6150.15 
  405.31 15453 6116.41 
  406.24 15482 6141.86 
  407.31 15319 6093.36 
  398.90 12116 4719.74 
   30.91   33  0.99 
